95-Am-241(n,total fission) ENDF/B-VII.1
1.0E-5,212.303
1.31241E-5,185.31
1.70876E-5,162.39
2.2426E-5,141.738
2.91987E-5,124.202
3.83206E-5,108.398
4.98935E-5,94.979
6.54808E-5,82.8845
8.52562E-5,72.6148
1.11891E-4,63.3558
1.45682E-4,55.4906
1.91195E-4,48.4006
2.48937E-4,42.3748
3.26707E-4,36.9374
4.25373E-4,32.3158
5.58264E-4,28.1428
7.26861E-4,24.5934
9.53941E-4,21.3839
0.00124203,18.6478
0.00163006,16.1715
0.00222608,13.7016
0.00303344,11.5866
0.00398112,9.97303
0.0054368,8.36389
0.0071057,7.14323
0.0092902,6.06964
0.012142,5.13067
0.0158747,4.29693
0.0207477,3.58316
0.024383,3.20633
0.0253,3.1258
0.0317255,2.67748
0.0396964,2.3084
0.0495715,1.99872
0.0617907,1.75569
0.0738726,1.60624
0.0883169,1.50168
0.109132,1.44578
0.112679,1.4453
0.134711,1.49802
0.154467,1.63014
0.172861,1.84993
0.188606,2.14798
0.202953,2.55697
0.216161,3.12099
0.227349,3.82712
0.236858,4.69319
0.244689,5.69292
0.25252,7.09052
0.259512,8.84553
0.266224,11.1967
0.272657,14.3049
0.279481,18.7439
0.295255,31.5088
0.29973,33.9143
0.304205,34.7924
0.310022,33.3578
0.316175,29.2818
0.329936,17.7526
0.336145,13.6748
0.342437,10.56
0.348171,8.45909
0.354044,6.85379
0.360477,5.55327
0.367329,4.53661
0.374741,3.73113
0.383551,3.04184
0.393759,2.48341
0.403548,2.10787
0.416971,1.75984
0.428149,1.57116
0.441562,1.43207
0.454858,1.37109
0.459212,1.36669
0.471183,1.3963
0.483155,1.49807
0.494039,1.6765
0.502201,1.88887
0.511044,2.23418
0.518391,2.65847
0.525329,3.23166
0.531859,3.99035
0.538253,5.00728
0.545735,6.59418
0.561299,10.5026
0.566305,11.3483
0.572052,11.6855
0.576753,11.3902
0.583283,10.2437
0.600752,5.8044
0.607635,4.43576
0.613757,3.51553
0.620287,2.78994
0.626818,2.26196
0.634436,1.81973
0.643143,1.46603
0.652394,1.20356
0.663277,0.988414
0.674841,0.829363
0.687221,0.709068
0.701914,0.608765
0.72096,0.521476
0.740006,0.464007
0.765038,0.416221
0.794423,0.385607
0.833604,0.37232
0.868651,0.380326
0.91538,0.417614
0.957227,0.481541
0.993424,0.570082
1.02359,0.680429
1.05117,0.826646
1.0753,1.01054
1.09685,1.24465
1.11494,1.52125
1.13218,1.89247
1.14626,2.318
1.15861,2.83227
1.16967,3.46377
1.18016,4.29172
1.18921,5.28097
1.19696,6.43446
1.20429,7.90438
1.21133,9.81431
1.21865,12.5237
1.22555,15.9571
1.23316,20.936
1.24342,29.5106
1.25663,41.2231
1.26399,45.78
1.27152,47.4389
1.27778,46.144
1.28559,41.5492
1.30771,22.3123
1.31561,16.8234
1.32294,12.9371
1.32983,10.2012
1.33658,8.20081
1.34362,6.64516
1.35224,5.25829
1.36143,4.20227
1.37077,3.42399
1.38183,2.7533
1.39332,2.24673
1.4074,1.79758
1.42348,1.43318
1.44158,1.14334
1.45968,0.934727
1.48209,0.748765
1.50507,0.612324
1.53323,0.493231
1.5631,0.404341
1.59794,0.332251
1.63624,0.278357
1.67669,0.241952
1.71379,0.223953
1.73647,0.220461
1.76378,0.22619
1.78698,0.244199
1.80604,0.275157
1.82047,0.316357
1.8313,0.36506
1.8416,0.435583
1.85062,0.528653
1.85887,0.653317
1.86583,0.799824
1.87317,1.00681
1.88219,1.34382
1.90654,2.4778
1.91417,2.71369
1.92188,2.79498
1.92983,2.69317
1.93993,2.33754
1.96117,1.33116
1.97006,0.996418
1.97727,0.78895
1.98436,0.635368
1.99209,0.513009
1.99982,0.42538
2.00755,0.362033
2.01786,0.302613
2.03035,0.254544
2.04259,0.222872
2.05728,0.197103
2.07956,0.173297
2.10563,0.159355
2.1317,0.155264
2.1581,0.159507
2.1845,0.173164
2.20744,0.195827
2.22614,0.226222
2.24216,0.266508
2.25426,0.311201
2.26683,0.379014
2.27783,0.467154
2.28726,0.57616
2.29622,0.721258
2.30502,0.916172
2.3146,1.19865
2.3278,1.69895
2.34389,2.34303
2.35445,2.62988
2.36282,2.70587
2.37205,2.61283
2.38311,2.29711
2.40825,1.32784
2.41863,1.01832
2.42711,0.830365
2.4356,0.69455
2.44471,0.595102
2.45414,0.530419
2.46357,0.494836
2.47362,0.482243
2.48317,0.491876
2.49574,0.538407
2.50631,0.615043
2.51537,0.719012
2.52367,0.857658
2.53182,1.04785
2.54073,1.33341
2.55024,1.74167
2.56307,2.44597
2.58088,3.46255
2.58982,3.80148
2.59886,3.9185
2.60818,3.77161
2.61724,3.40377
2.6458,1.76449
2.65531,1.33181
2.66376,1.03543
2.67146,0.830121
2.67991,0.661734
2.68837,0.538288
2.69743,0.441489
2.70799,0.360093
2.71931,0.297641
2.7329,0.244194
2.74875,0.200362
2.76536,0.167763
2.78528,0.139839
2.81155,0.114441
2.84054,0.095445
2.86952,0.08217
2.90817,0.0698805
2.95647,0.0597393
3.01444,0.0519343
3.08207,0.0463405
3.17868,0.0421705
3.2753,0.0408893
3.37694,0.0420904
3.46141,0.0453944
3.53731,0.051037
3.60055,0.059044
3.65368,0.0699351
3.69416,0.08283
3.72901,0.0996399
3.75656,0.119323
3.78017,0.143772
3.80097,0.174946
3.81784,0.211159
3.83302,0.257579
3.84679,0.318445
3.8586,0.394023
3.869,0.489306
3.87743,0.596184
3.88558,0.735005
3.89443,0.938663
3.90329,1.21227
3.91313,1.61289
3.92409,2.18095
3.95085,3.77439
3.96176,4.22562
3.97282,4.39007
3.98155,4.28002
3.99256,3.87085
4.01179,2.7543
4.02697,1.87924
4.03709,1.41142
4.04608,1.08785
4.05452,0.856619
4.06295,0.683092
4.07138,0.554371
4.0815,0.442955
4.09246,0.35855
4.10343,0.298821
4.11608,0.249538
4.13125,0.207919
4.1484,0.175161
4.17089,0.146043
4.19787,0.123385
4.23048,0.106323
4.27433,0.0933919
4.31818,0.0870457
4.37215,0.0846624
4.43115,0.0869124
4.49015,0.0935023
4.55266,0.105802
4.60475,0.121701
4.65684,0.145632
4.69573,0.172211
4.72907,0.205188
4.75741,0.245736
4.78075,0.293783
4.8002,0.350943
4.81798,0.426526
4.83298,0.520225
4.84548,0.63396
4.85632,0.774926
4.86632,0.958093
4.87604,1.20599
4.88576,1.54657
4.89549,2.00313
4.90688,2.70483
4.92133,3.83066
4.94422,5.72345
4.95733,6.44631
4.96787,6.64201
4.98,6.3868
4.99178,5.71641
5.02579,3.00336
5.0369,2.29545
5.04662,1.81671
5.05635,1.4597
5.06677,1.18846
5.07746,1.00032
5.08913,0.8682
5.10024,0.790341
5.11691,0.72986
5.13228,0.713492
5.15358,0.734428
5.17913,0.816682
5.203,0.956132
5.22351,1.14254
5.24061,1.3688
5.25543,1.64576
5.26911,2.00605
5.2805,2.42595
5.29076,2.94584
5.30102,3.66522
5.30957,4.48087
5.31854,5.626
5.32752,7.15478
5.33749,9.41203
5.34775,12.4378
5.36029,17.0992
5.38992,29.6594
5.40269,33.3791
5.41459,34.6233
5.42526,33.6437
5.43688,30.5548
5.45689,22.3654
5.47498,14.8203
5.48695,10.8098
5.49707,8.18481
5.50618,6.37591
5.51473,5.0842
5.52328,4.10452
5.5324,3.32213
5.54266,2.67747
5.55463,2.14141
5.56659,1.75858
5.57942,1.45857
5.5948,1.1959
5.61196,0.983819
5.63239,0.80241
5.65495,0.66039
5.67674,0.563139
5.6991,0.495108
5.72203,0.457
5.73636,0.449808
5.78555,0.474859
5.80688,0.458771
5.83325,0.395878
5.86192,0.316899
5.87912,0.283691
5.89632,0.264455
5.91466,0.257521
5.93874,0.267179
5.95825,0.293048
5.97547,0.336967
5.98695,0.384352
5.99811,0.452287
6.00893,0.548568
6.01794,0.660521
6.02849,0.839574
6.03959,1.09697
6.05152,1.46154
6.06817,2.10319
6.09081,3.01463
6.10457,3.39134
6.11673,3.50523
6.12765,3.40692
6.14197,3.02487
6.18026,1.49552
6.19247,1.10579
6.20357,0.833276
6.21328,0.653642
6.22244,0.526106
6.23215,0.425607
6.24186,0.35186
6.25324,0.289504
6.26572,0.241104
6.2807,0.20049
6.29735,0.168984
6.31677,0.143066
6.34397,0.118243
6.37369,0.100006
6.40986,0.0850678
6.45126,0.073913
6.49273,0.0670691
6.53127,0.0641386
6.54908,0.0641206
6.58025,0.0673289
6.59973,0.0731085
6.61559,0.0820616
6.62812,0.0937312
6.64064,0.111679
6.65177,0.134973
6.66429,0.171736
6.67821,0.227332
6.69908,0.334367
6.71828,0.43296
6.73231,0.481761
6.74455,0.496293
6.75658,0.481566
6.77083,0.431344
6.81068,0.22302
6.82459,0.16529
6.83572,0.130171
6.84686,0.103995
6.8591,0.0835106
6.87093,0.0698079
6.88512,0.0586651
6.90251,0.049841
6.92255,0.043338
6.9476,0.0380745
6.97877,0.033802
7.02329,0.0298922
7.08209,0.0266775
7.15831,0.0241387
7.25992,0.0223575
7.32643,0.0220038
7.39627,0.0225874
7.44172,0.0239917
7.47498,0.0262023
7.49715,0.028922
7.5135,0.0322362
7.5293,0.0373694
7.54246,0.0440228
7.5559,0.054176
7.56838,0.0676925
7.58223,0.0882858
7.59914,0.121278
7.63129,0.191226
7.6457,0.212152
7.65884,0.218837
7.6723,0.211813
7.68949,0.185479
7.72745,0.104239
7.74131,0.0806431
7.75378,0.0645581
7.76487,0.054053
7.77817,0.0452747
7.7887,0.0405672
7.8045,0.0360527
7.81974,0.0335835
7.83969,0.0320191
7.85688,0.031632
7.89291,0.0327859
7.92641,0.0360893
7.95506,0.0412267
7.97893,0.0482369
7.99661,0.0562464
8.01275,0.0672412
8.02565,0.080261
8.03735,0.0971914
8.04743,0.117517
8.05752,0.145179
8.0676,0.182461
8.07835,0.235491
8.09032,0.31335
8.10484,0.435701
8.1445,0.837463
8.16009,0.942011
8.17255,0.970424
8.18526,0.942305
8.2015,0.832717
8.24358,0.410205
8.25689,0.302748
8.26899,0.227233
8.27954,0.177494
8.28983,0.141205
8.30126,0.111964
8.31268,0.091337
8.32546,0.0753312
8.33944,0.063399
8.35692,0.0534992
8.37601,0.0464069
8.40155,0.0403123
8.4322,0.0358596
8.47684,0.0323853
8.52524,0.0308632
8.54943,0.0306779
8.60708,0.0314334
8.66472,0.0337736
8.72355,0.0381201
8.77258,0.0439786
8.81181,0.0510667
8.84823,0.0609247
8.87485,0.0715257
8.89614,0.0834851
8.91688,0.100115
8.93369,0.119693
8.94882,0.145222
8.96058,0.173333
8.97179,0.210217
8.983,0.261167
8.9942,0.331466
9.00569,0.429978
9.01648,0.552598
9.02867,0.731211
9.04324,1.00069
9.08162,1.82991
9.09597,2.05235
9.1113,2.1518
9.11273,2.1526
9.12735,2.07721
9.14326,1.84434
9.18683,0.922173
9.20098,0.680184
9.21358,0.513387
9.22507,0.399093
9.23628,0.316756
9.24749,0.257109
9.25897,0.21355
9.27158,0.18027
9.28671,0.153701
9.30184,0.136416
9.31697,0.124989
9.33714,0.115557
9.3674,0.10921
9.37749,0.10857
9.4143,0.110984
9.45112,0.119997
9.4874,0.135642
9.52261,0.159015
9.55195,0.187253
9.58148,0.227895
9.60531,0.274596
9.62517,0.328443
9.64446,0.40142
9.66148,0.493234
9.67567,0.601661
9.68758,0.727698
9.69893,0.891803
9.71028,1.11746
9.72163,1.42879
9.73184,1.80642
9.74206,2.30041
9.7534,3.01193
9.76702,4.11693
9.7849,5.96064
9.81809,9.75232
9.83375,11.0253
9.84782,11.5279
9.85052,11.5432
9.86394,11.2246
9.88107,9.97407
9.91115,6.59424
9.93044,4.51073
9.9442,3.31614
9.95626,2.49954
9.96718,1.93221
9.9781,1.50414
9.98793,1.21523
9.99775,0.997447
10.0095,0.806802
10.0206,0.678822
10.0345,0.567406
10.0511,0.480893
10.0705,0.419184
10.1089,0.347467
10.1825,0.212851
10.2047,0.182757
10.2213,0.168636
10.2402,0.162646
10.2535,0.165872
10.2698,0.180458
10.2819,0.201302
10.2954,0.236793
10.3094,0.290615
10.3251,0.37267
10.3541,0.5668
10.3734,0.69118
10.3895,0.760501
10.4036,0.780132
10.4167,0.759621
10.435,0.675851
10.4831,0.341314
10.4987,0.254873
10.5129,0.195128
10.5257,0.155455
10.5385,0.12672
10.5512,0.106329
10.5672,0.0890205
10.5861,0.0762033
10.6077,0.0673401
10.64,0.0601982
10.6774,0.0571251
10.6899,0.0570319
10.7209,0.0587797
10.7518,0.0639681
10.7783,0.0726353
10.7996,0.0844589
10.8155,0.0982831
10.8287,0.115072
10.842,0.13916
10.8553,0.173941
10.8672,0.218037
10.8791,0.278137
10.8909,0.356848
10.904,0.470269
10.9199,0.644972
10.9634,1.20831
10.9807,1.36211
10.9968,1.41203
11.013,1.35904
11.0318,1.18668
11.0772,0.599054
11.0928,0.435399
11.105,0.334653
11.1165,0.260946
11.128,0.204839
11.1404,0.160291
11.1523,0.129207
11.1656,0.104502
11.1797,0.0859851
11.1974,0.07012
11.2151,0.0592343
11.2374,0.0496778
11.2655,0.0415743
11.2983,0.0353237
11.3299,0.0313375
11.3632,0.0286955
11.3965,0.0276496
11.4232,0.028574
11.4398,0.0305546
11.4565,0.0342567
11.4737,0.0406
11.4889,0.0488654
11.5086,0.0632892
11.5519,0.0999738
11.5719,0.109807
11.5818,0.111127
11.5972,0.108008
11.613,0.0989722
11.6452,0.0705236
11.6674,0.0512251
11.6839,0.0398522
11.7001,0.0315591
11.7151,0.0261547
11.7306,0.0223151
11.7501,0.0192494
11.7695,0.0173671
11.8028,0.0155361
11.8583,0.014104
11.9205,0.0136048
11.9515,0.0138306
11.978,0.014562
11.9957,0.0155738
12.0169,0.0177189
12.0376,0.0211723
12.0597,0.0265347
12.1017,0.0387943
12.1237,0.0429615
12.1367,0.0436772
12.1547,0.0422838
12.1773,0.0372622
12.2226,0.0240901
12.2405,0.0201216
12.2612,0.0169544
12.2783,0.0153036
12.3048,0.0139132
12.3446,0.0131962
12.3711,0.0131231
12.4373,0.0135885
12.5004,0.0147472
12.5477,0.0162615
12.5917,0.0185459
12.6269,0.0215176
12.655,0.0253178
12.6762,0.0297346
12.6938,0.0352221
12.7079,0.0414934
12.7219,0.0502418
12.7364,0.0628121
12.7499,0.079038
12.7635,0.100598
12.7793,0.133542
12.7973,0.180901
12.8417,0.315051
12.8621,0.356858
12.8789,0.368429
12.8951,0.357347
12.9128,0.322907
12.9463,0.223924
12.9706,0.153569
12.9882,0.113197
13.0022,0.0884065
13.0163,0.0697053
13.0295,0.0567655
13.0431,0.0470739
13.0586,0.0392584
13.078,0.0327729
13.0959,0.028813
13.1241,0.0248736
13.1523,0.022484
13.1945,0.0204124
13.248,0.019163
13.3016,0.0187494
13.3918,0.0191349
13.5121,0.021122
13.5931,0.023454
13.665,0.0267761
13.707,0.0303536
13.738,0.0352831
13.7628,0.0419293
13.7899,0.052706
13.843,0.0784749
13.8682,0.085494
13.8802,0.086336
13.901,0.083975
13.9647,0.0638638
13.9934,0.0584945
14.0158,0.0573082
14.0487,0.0591149
14.096,0.0661931
14.1539,0.0799966
14.1987,0.0956468
14.2386,0.116189
14.2723,0.141413
14.3118,0.181728
14.367,0.253939
14.3986,0.308106
14.4249,0.373147
14.4442,0.443236
14.4624,0.539228
14.4778,0.656247
14.4907,0.791756
14.5028,0.964782
14.5144,1.18756
14.526,1.48459
14.5384,1.90715
14.551,2.47926
14.5649,3.30241
14.5799,4.45715
14.5979,6.19101
14.6424,11.0821
14.6589,12.4319
14.6762,13.1356
14.6817,13.1801
14.6974,12.8202
14.7144,11.6888
14.7397,9.09999
14.7718,5.56594
14.7886,4.05534
14.8035,3.00178
14.816,2.31672
14.8286,1.78467
14.8412,1.38625
14.8526,1.11652
14.8646,0.903516
14.879,0.718002
14.8929,0.590428
14.9079,0.489263
14.9259,0.401667
14.9475,0.327135
14.971,0.269548
15.0004,0.218011
15.0304,0.180371
15.0665,0.147749
15.1044,0.122974
15.1531,0.100415
15.2019,0.0846927
15.2599,0.0719288
15.3178,0.063866
15.3642,0.0603515
15.3932,0.0596175
15.4338,0.0612644
15.457,0.0645071
15.4802,0.0708863
15.4976,0.0792113
15.5147,0.0922669
15.5298,0.109775
15.5449,0.135184
15.56,0.170879
15.5759,0.222102
15.5945,0.300359
15.6264,0.469815
15.653,0.606725
15.6737,0.674485
15.6889,0.690147
15.7048,0.672031
15.7226,0.613756
15.7516,0.466168
15.7812,0.308227
15.8001,0.226854
15.8166,0.172353
15.8305,0.138078
15.8444,0.112824
15.8583,0.0947478
15.8757,0.0795781
15.8914,0.0708177
15.9071,0.0651311
15.9279,0.0606397
15.9627,0.0578154
16.0047,0.0591356
16.0468,0.0647312
16.0844,0.0742588
16.1158,0.0873617
16.1409,0.103733
16.1622,0.124937
16.1772,0.146587
16.1923,0.176838
16.2073,0.21974
16.2199,0.269088
16.2324,0.334966
16.245,0.421767
16.2588,0.546594
16.2738,0.722969
16.2917,0.98899
16.3228,1.55855
16.3504,2.04939
16.3679,2.26512
16.3878,2.35722
16.4081,2.26376
16.4288,1.99977
16.4843,1.00317
16.5028,0.736296
16.5182,0.564948
16.5313,0.452942
16.5453,0.364854
16.5594,0.302059
16.5712,0.265788
16.5853,0.237336
16.5994,0.221947
16.6136,0.21743
16.6279,0.223291
16.6423,0.240448
16.6567,0.271364
16.671,0.320277
16.6854,0.393201
16.6989,0.490611
16.7125,0.622816
16.7274,0.815727
16.7437,1.09092
16.7663,1.56858
16.8057,2.48798
16.8278,2.85631
16.8477,2.98076
16.8488,2.98098
16.8644,2.90788
16.8815,2.67867
16.9067,2.14412
16.944,1.27079
16.9621,0.925824
16.9765,0.706007
16.9909,0.535075
17.003,0.425698
17.015,0.341424
17.0276,0.274648
17.0421,0.219071
17.0547,0.183757
17.0691,0.154141
17.0876,0.127514
17.1055,0.10956
17.1311,0.0919667
17.1618,0.0782463
17.1961,0.0684945
17.2305,0.0625137
17.282,0.0584305
17.2992,0.0581611
17.3479,0.0603471
17.3845,0.0653658
17.4222,0.0749622
17.4478,0.0854398
17.4734,0.101257
17.4957,0.122343
17.5133,0.14661
17.5313,0.182315
17.5475,0.228224
17.5612,0.281539
17.5756,0.355239
17.59,0.451486
17.6074,0.602558
17.6263,0.812787
17.6651,1.34236
17.6931,1.69401
17.7137,1.85314
17.7286,1.88965
17.7482,1.82834
17.7689,1.64372
17.8073,1.12969
17.8344,0.771778
17.8542,0.562075
17.8704,0.428575
17.8848,0.336844
17.8992,0.266834
17.9141,0.21258
17.9303,0.170353
17.9447,0.143398
17.9634,0.119058
17.9805,0.104429
18.0019,0.093989
18.0212,0.0909231
18.038,0.0928275
18.0573,0.100111
18.0857,0.119124
18.127,0.152174
18.1531,0.164028
18.1618,0.164888
18.1856,0.15819
18.2109,0.138339
18.2683,0.0770336
18.2909,0.0579972
18.3112,0.0453135
18.3286,0.0374583
18.3496,0.0308785
18.3679,0.0269564
18.3925,0.0234405
18.4231,0.0206285
18.465,0.0181896
18.5244,0.0160234
18.6111,0.0141616
18.6966,0.0132
18.7821,0.0128934
18.8742,0.0133236
18.9357,0.0141921
18.9971,0.0157799
19.0438,0.0177547
19.0838,0.0203144
19.1238,0.0242367
19.1558,0.0291083
19.1801,0.0346704
19.1996,0.0410942
19.219,0.0503882
19.2336,0.0602375
19.2493,0.0748122
19.2634,0.0928394
19.2774,0.117059
19.292,0.150476
19.3066,0.194086
19.324,0.26105
19.3449,0.363113
19.4005,0.683134
19.4202,0.764996
19.442,0.804038
19.4447,0.804544
19.4661,0.773949
19.4909,0.673167
19.5496,0.336771
19.5686,0.248127
19.5858,0.184664
19.6018,0.139678
19.6164,0.108773
19.6317,0.0847999
19.6473,0.0670902
19.663,0.0543976
19.681,0.0440572
19.6981,0.0371639
19.7175,0.0314835
19.7419,0.0264658
19.7717,0.0222165
19.8099,0.0185643
19.848,0.0160953
19.896,0.0140136
19.9484,0.0125925
20.0007,0.0118361
20.0357,0.0116971
20.0779,0.012084
20.1089,0.0130625
20.1337,0.0146553
20.1552,0.0170144
20.1756,0.0204914
20.196,0.0255514
20.2171,0.0327143
20.2463,0.0455028
20.2893,0.0655493
20.312,0.0726724
20.333,0.0749889
20.354,0.0726753
20.3811,0.0638358
20.4423,0.0359697
20.4642,0.0282611
20.4833,0.0232799
20.5024,0.0198261
20.5221,0.0175897
20.5458,0.0162417
20.5702,0.0159893
20.5945,0.0166862
20.6189,0.0184228
20.6372,0.0206801
20.6559,0.024324
20.6729,0.0293644
20.6877,0.0357892
20.7025,0.0448327
20.7159,0.0560361
20.731,0.0727156
20.746,0.094607
20.7636,0.127669
20.7855,0.178886
20.8333,0.305085
20.8555,0.347558
20.8776,0.364886
20.8798,0.365028
20.9014,0.351014
20.9256,0.306512
20.9834,0.155974
21.0023,0.115055
21.0179,0.0880618
21.0329,0.0677149
21.0479,0.052328
21.063,0.0410372
21.078,0.0329337
21.0926,0.0273287
21.1084,0.0230533
21.1269,0.0196776
21.148,0.017166
21.1766,0.0150952
21.2134,0.0136289
21.2577,0.0128555
21.2872,0.0127396
21.3404,0.0132128
21.3937,0.0146912
21.4353,0.0169404
21.4662,0.0197261
21.4908,0.0231979
21.5124,0.027791
21.5313,0.0337205
21.5487,0.0415264
21.566,0.0525316
21.5817,0.0660678
21.5973,0.0838925
21.6158,0.111491
21.6378,0.153877
21.6729,0.237907
21.7068,0.316989
21.7266,0.348574
21.7498,0.362631
21.7697,0.352175
21.7917,0.319194
21.8287,0.233355
21.862,0.154278
21.8827,0.114582
21.9012,0.0867637
21.9166,0.0689777
21.932,0.0554487
21.9475,0.0454163
21.9644,0.0375267
21.9814,0.0321091
21.9984,0.0285114
22.0153,0.0262846
22.0397,0.0249551
22.064,0.0254782
22.0883,0.0276607
22.1208,0.0326553
22.1714,0.0414833
22.2003,0.0440306
22.2082,0.0441591
22.2308,0.0430715
22.2627,0.0384109
22.3252,0.0261341
22.3495,0.0225962
22.3738,0.0202209
22.3982,0.018896
22.4298,0.0184044
22.4614,0.0189848
22.4948,0.0207214
22.5255,0.0237833
22.55,0.0279389
22.5715,0.0335458
22.5918,0.0412208
22.614,0.0529298
22.6382,0.0699462
22.7062,0.128962
22.7315,0.144276
22.7595,0.150436
22.7911,0.144841
22.8323,0.133144
22.8382,0.132794
22.8552,0.136013
22.8708,0.146694
22.8875,0.169292
22.9014,0.199516
22.9153,0.242394
22.93,0.303873
22.9472,0.398709
22.9677,0.545216
23.0024,0.853548
23.0335,1.12663
23.056,1.26507
23.0794,1.31868
23.0998,1.28058
23.1245,1.14427
23.1789,0.720805
23.1977,0.610565
23.2169,0.540002
23.2351,0.51341
23.2381,0.512501
23.2564,0.52452
23.3145,0.633434
23.3306,0.642472
23.3546,0.617695
23.3801,0.543373
23.4468,0.261509
23.4677,0.190548
23.4853,0.144595
23.5011,0.113278
23.5169,0.0901431
23.5333,0.0730801
23.5497,0.061337
23.5685,0.0525126
23.5919,0.0459442
23.6158,0.0423028
23.6556,0.0399216
23.67,0.0397747
23.713,0.0409637
23.7513,0.0439363
23.7992,0.0506506
23.8341,0.0585669
23.8658,0.0693132
23.8912,0.0819209
23.9144,0.0987107
23.9355,0.121105
23.9525,0.146684
23.9694,0.182414
23.9835,0.222984
23.9975,0.276619
24.0116,0.346838
24.0271,0.447647
24.044,0.590861
24.0638,0.806424
24.0877,1.13539
24.1441,2.00337
24.1706,2.27389
24.1919,2.34625
24.2123,2.27771
24.2329,2.08512
24.2667,1.59624
24.3061,0.987032
24.3273,0.720226
24.3463,0.531016
24.3611,0.416413
24.3752,0.330747
24.3893,0.264447
24.4034,0.213865
24.4189,0.172331
24.4358,0.13951
24.4527,0.115921
24.4738,0.0951393
24.4992,0.0782533
24.5245,0.0666714
24.5563,0.0566242
24.5959,0.0482047
24.644,0.041665
24.6852,0.0380973
24.7401,0.0354052
24.7676,0.0348962
24.8052,0.0354723
24.8341,0.0375332
24.863,0.041813
24.8924,0.0490884
24.937,0.0649059
24.9796,0.0792764
25.011,0.0841899
25.0175,0.0843795
25.0526,0.0810499
25.1043,0.0704497
25.1358,0.0667082
25.1501,0.0664237
25.1787,0.0686787
25.2174,0.0774027
25.2497,0.0895729
25.2819,0.107213
25.3092,0.128447
25.332,0.1531
25.3547,0.187883
25.3737,0.228977
25.3927,0.286966
25.4098,0.360255
25.4261,0.456445
25.442,0.583236
25.458,0.751226
25.4739,0.968871
25.4921,1.28667
25.5149,1.79066
25.5566,2.93111
25.5854,3.68851
25.607,4.09626
25.6307,4.28961
25.6337,4.29217
25.6571,4.14178
25.6841,3.64074
25.7524,1.80019
25.7744,1.31062
25.7926,0.988624
25.8085,0.767271
25.8256,0.58531
25.841,0.462136
25.8563,0.369419
25.8734,0.293602
25.892,0.234623
25.911,0.191914
25.9337,0.155937
25.9588,0.128498
25.9853,0.107951
26.0172,0.0904763
26.0517,0.0771725
26.0955,0.0657778
26.1393,0.0587645
26.1864,0.0554819
26.1917,0.0554194
26.223,0.0567359
26.2529,0.0618426
26.2768,0.070361
26.2978,0.0827753
26.3157,0.0984903
26.3355,0.122758
26.3551,0.155164
26.3785,0.205155
26.4169,0.308607
26.4627,0.431756
26.4985,0.496826
26.6353,0.628306
26.6439,0.630675
26.6731,0.610221
26.7,0.546798
26.7332,0.423559
26.7751,0.253935
26.7968,0.182186
26.8143,0.136364
26.8295,0.105386
26.8448,0.0818503
26.86,0.0645686
26.8753,0.0522439
26.8899,0.0439304
26.9063,0.0375848
26.9251,0.032931
26.9485,0.0295001
26.9767,0.027305
27.0142,0.0260132
27.033,0.0257841
27.0829,0.0261514
27.1328,0.0278826
27.1827,0.0313472
27.2202,0.0357098
27.2498,0.0409656
27.2783,0.0486422
27.3011,0.0579166
27.3211,0.0697589
27.3396,0.0854958
27.3573,0.106583
27.3749,0.135854
27.3924,0.175367
27.4095,0.226644
27.4295,0.304733
27.452,0.417413
27.4866,0.633325
27.5308,0.920673
27.5636,1.07341
27.5944,1.13693
27.6055,1.14115
27.6449,1.09837
27.7046,0.940699
27.751,0.751908
27.8258,0.368617
27.851,0.262294
27.8713,0.194992
27.8896,0.148525
27.9052,0.118445
27.9208,0.0958351
27.9364,0.0792825
27.9542,0.0660682
27.9702,0.0580432
27.9916,0.0513375
28.0183,0.0473366
28.0397,0.0467147
28.0591,0.0479922
28.0834,0.0525564
28.1028,0.0595292
28.1219,0.070687
28.1379,0.0846306
28.1539,0.10426
28.1699,0.131181
28.1859,0.167039
28.2033,0.217907
28.2239,0.294994
28.2522,0.428249
28.3047,0.69631
28.328,0.779181
28.3533,0.815028
28.3547,0.815135
28.3801,0.782343
28.403,0.703631
28.4464,0.485274
28.4782,0.326902
28.5004,0.2377
28.5184,0.180845
28.5338,0.142923
28.5492,0.11386
28.5646,0.0922782
28.5801,0.0767697
28.5955,0.0660774
28.6109,0.0592057
28.6263,0.0554737
28.6418,0.0545344
28.6591,0.0568212
28.6768,0.0633088
28.691,0.0722082
28.7052,0.0852091
28.7205,0.104788
28.7361,0.131988
28.7536,0.172526
28.7734,0.231464
28.7994,0.328866
28.8527,0.547619
28.8787,0.620342
28.9028,0.644066
28.9264,0.620831
28.9533,0.545482
29.0231,0.262461
29.0452,0.189928
29.0626,0.145254
29.0799,0.11106
29.0955,0.08829
29.1109,0.0718427
29.1264,0.06032
29.1418,0.0526211
29.1521,0.0491587
29.1727,0.0453289
29.1858,0.0446397
29.2042,0.0456593
29.2252,0.0497391
29.2409,0.0552592
29.259,0.06505
29.275,0.0779495
29.291,0.0961644
29.3071,0.121281
29.3231,0.155031
29.3403,0.202641
29.3583,0.266955
29.3805,0.366576
29.421,0.590338
29.4559,0.776204
29.4836,0.871113
29.5038,0.893182
29.526,0.866496
29.5544,0.763858
29.6277,0.366068
29.6506,0.265219
29.67,0.198757
29.6872,0.154554
29.7009,0.128017
29.7147,0.108373
29.7304,0.0931937
29.7462,0.0847665
29.762,0.0822162
29.7777,0.0849528
29.7958,0.0941441
29.8139,0.109378
29.839,0.139258
29.9092,0.242761
29.9373,0.267858
29.955,0.272486
29.9769,0.264858
30.0006,0.241692
30.039,0.183293
30.0786,0.120178
30.102,0.0897975
30.122,0.0694886
30.1421,0.0543141
30.1616,0.0437914
30.1811,0.0365618
30.2034,0.0312429
30.2293,0.0276911
30.2588,0.025723
30.297,0.0249948
30.3484,0.0258478
30.4045,0.0286591
30.4537,0.0331862
30.492,0.0389829
30.5225,0.0463409
30.5455,0.0546953
30.5641,0.0643536
30.5827,0.0778244
30.6013,0.0966493
30.6199,0.122715
30.6365,0.153802
30.6565,0.202886
30.6774,0.269979
30.7033,0.375033
30.7781,0.729197
30.81,0.830908
30.839,0.870196
30.8512,0.872872
30.9364,0.829167
31.0305,0.891106
31.0674,0.939489
31.0937,1.01752
31.1194,1.15379
31.1497,1.39765
31.2076,1.93764
31.2344,2.07799
31.2462,2.09545
31.2725,2.02396
31.3016,1.78249
31.3788,0.833739
31.4029,0.593599
31.4222,0.443081
31.4397,0.337488
31.4548,0.267212
31.4698,0.213085
31.4849,0.172079
31.5018,0.138262
31.5187,0.113993
31.5356,0.0965872
31.5568,0.0813902
31.5772,0.0715362
31.6043,0.0629759
31.6314,0.0578801
31.6666,0.0549969
31.6746,0.0548717
31.701,0.0559686
31.7322,0.0610204
31.7582,0.0698864
31.7787,0.0813851
31.7979,0.0974484
31.8171,0.120372
31.8363,0.152121
31.8559,0.195609
31.8767,0.255588
31.9043,0.35714
31.9692,0.639986
31.9993,0.736644
32.0255,0.772005
32.0296,0.772629
32.0505,0.75487
32.0732,0.69897
32.1068,0.567189
32.1601,0.331842
32.1845,0.243322
32.2053,0.183332
32.2247,0.139986
32.2427,0.109358
32.2589,0.0883545
32.2781,0.0698218
32.2974,0.0564911
32.3166,0.0468868
32.3406,0.0384427
32.3646,0.0325733
32.3934,0.0276208
32.4294,0.0233386
32.4783,0.0194409
32.5295,0.0166843
32.5935,0.0143379
32.6704,0.0124791
32.7716,0.0109772
32.8729,0.0101669
32.985,0.0098987
33.0853,0.0103114
33.148,0.011133
33.1856,0.012093
33.2177,0.0135153
33.2433,0.0154233
33.2657,0.0180668
33.285,0.0214501
33.3032,0.0260125
33.3208,0.0320336
33.3408,0.0413627
33.3609,0.0537423
33.386,0.0737623
33.4253,0.113163
33.4687,0.15664
33.4982,0.175634
33.5204,0.180376
33.5467,0.174099
33.5757,0.154387
33.6499,0.0828461
33.6749,0.0638677
33.6958,0.0523055
33.7112,0.0463638
33.7295,0.0419976
33.7445,0.0406204
33.7595,0.0412096
33.7781,0.0448906
33.794,0.0508762
33.81,0.0601236
33.8261,0.0731287
33.8444,0.0933846
33.8628,0.120165
33.886,0.164015
33.9144,0.231287
33.9706,0.377234
34.0009,0.432116
34.0284,0.449755
34.0532,0.435408
34.0785,0.394722
34.1295,0.270197
34.1614,0.195541
34.183,0.156091
34.201,0.132518
34.2153,0.120084
34.2296,0.113551
34.2368,0.112535
34.2522,0.115478
34.2675,0.125508
34.2829,0.142734
34.3011,0.172399
34.3235,0.222351
34.3555,0.313655
34.4061,0.465703
34.4355,0.524599
34.4599,0.541203
34.4847,0.524203
34.5094,0.476934
34.5538,0.348017
34.5906,0.239712
34.6125,0.187915
34.6336,0.150649
34.6504,0.130365
34.6673,0.118711
34.6805,0.115673
34.695,0.118665
34.7094,0.12853
34.7263,0.149302
34.7432,0.180826
34.7619,0.229106
34.783,0.300863
34.8117,0.425137
34.8689,0.70237
34.8984,0.804969
34.9256,0.841885
34.9276,0.842059
34.9538,0.811824
34.9827,0.717183
35.0616,0.340453
35.0835,0.254603
35.1032,0.192813
35.1196,0.152435
35.1375,0.118773
35.1537,0.0964933
35.1699,0.0805944
35.1834,0.0714055
35.1996,0.0644651
35.2186,0.0612146
35.2214,0.061147
35.2381,0.0628848
35.2571,0.0693788
35.2761,0.0810521
35.2951,0.0984583
35.3172,0.12648
35.3418,0.167523
35.3912,0.270913
35.4303,0.3456
35.458,0.375965
35.4745,0.381095
35.5018,0.366807
35.5264,0.332448
35.5733,0.235186
35.6106,0.157521
35.6351,0.116262
35.656,0.0886368
35.6749,0.0696583
35.6923,0.056432
35.7119,0.0456762
35.7286,0.0391244
35.751,0.033182
35.7733,0.0294443
35.8007,0.0267472
35.8225,0.0255178
35.8746,0.0243809
35.883,0.0243545
35.934,0.0248955
35.9849,0.0268254
36.0147,0.0290685
36.0467,0.0332064
36.0723,0.0385802
36.0979,0.0465963
36.1226,0.057471
36.1519,0.0747466
36.1962,0.108263
36.2654,0.162118
36.3547,0.222008
36.4496,0.306074
36.4852,0.317701
36.5209,0.30623
36.5932,0.247512
36.6228,0.235906
36.6267,0.23587
36.6456,0.242429
36.6623,0.259732
36.679,0.291371
36.6957,0.34203
36.7124,0.418095
36.7287,0.524684
36.7441,0.664146
36.7595,0.850912
36.7749,1.0955
36.7909,1.42065
36.8085,1.87383
36.8305,2.59519
36.8576,3.69511
36.9218,6.5929
36.9509,7.49461
36.9788,7.80412
37.0061,7.50524
37.0332,6.68953
37.0818,4.52602
37.1174,2.96418
37.1415,2.10696
37.1601,1.58176
37.1776,1.19044
37.1942,0.905323
37.2105,0.691775
37.2268,0.532299
37.2423,0.419647
37.2574,0.338657
37.2749,0.269928
37.2925,0.22101
37.31,0.185746
37.3326,0.153671
37.3577,0.129062
37.389,0.107927
37.4204,0.0931216
37.4641,0.0787382
37.5188,0.0670145
37.5734,0.0596867
37.6499,0.0543764
37.7045,0.0533501
37.7607,0.0545612
37.8309,0.0598268
37.8871,0.0682427
37.9293,0.0784744
37.963,0.0906612
37.9967,0.108959
38.0237,0.131237
38.0462,0.158593
38.0664,0.194004
38.0844,0.238176
38.1024,0.299234
38.1187,0.37464
38.1361,0.481297
38.1534,0.622538
38.1708,0.805473
38.1913,1.08441
38.2157,1.50916
38.2491,2.23655
38.3069,3.58301
38.3352,4.04237
38.3624,4.22568
38.3659,4.22792
38.3907,4.10345
38.4174,3.7211
38.4585,2.81548
38.5047,1.73726
38.5304,1.24681
38.551,0.934401
38.5709,0.698849
38.5869,0.552192
38.603,0.438626
38.6193,0.351538
38.637,0.282387
38.6525,0.238989
38.6702,0.204209
38.6885,0.180633
38.7135,0.162357
38.7468,0.15279
38.8247,0.144709
38.8666,0.130353
38.9354,0.0921603
38.9776,0.0699745
39.012,0.0564837
39.0453,0.0476807
39.0786,0.0422981
39.1207,0.0388757
39.1629,0.0379155
39.209,0.0390309
39.2435,0.0416855
39.2781,0.047124
39.3011,0.053605
39.3213,0.0625103
39.3386,0.0738046
39.3547,0.0886303
39.372,0.110993
39.3894,0.142064
39.4067,0.184238
39.4241,0.239916
39.4424,0.315708
39.4647,0.432546
39.4932,0.620499
39.5591,1.10503
39.5908,1.26254
39.6172,1.30831
39.6448,1.26257
39.671,1.14138
39.7519,0.592474
39.7757,0.467126
39.7956,0.392887
39.8146,0.349867
39.829,0.336168
39.8361,0.335285
39.8504,0.345311
39.8648,0.370786
39.8837,0.427488
39.9058,0.524689
39.9364,0.705371
40.0046,1.17571
40.037,1.3315
40.0674,1.38389
40.0926,1.34857
40.1226,1.22521
40.2001,0.759597
40.2271,0.643542
40.2532,0.580472
40.276,0.564694
40.308,0.589488
40.3672,0.671347
40.3858,0.678258
40.4163,0.652537
40.4468,0.581272
40.4948,0.412583
40.5348,0.270403
40.5602,0.19656
40.5811,0.148273
40.6002,0.114105
40.6177,0.0899178
40.6355,0.0714527
40.6533,0.0578419
40.6711,0.0479601
40.6888,0.0408418
40.7113,0.0346218
40.7359,0.0301074
40.7712,0.0261114
40.8135,0.0233462
40.8699,0.0215388
40.8981,0.0212769
40.9429,0.0219521
40.9767,0.0238801
41.005,0.0271432
41.0282,0.0316526
41.0503,0.0381776
41.0723,0.0476794
41.0944,0.0609915
41.1165,0.0788366
41.1407,0.104076
41.1739,0.147328
41.2349,0.234085
41.2688,0.267201
41.298,0.277095
41.3246,0.26882
41.3591,0.236563
41.4427,0.121803
41.4692,0.0929189
41.4908,0.0753289
41.5124,0.0632678
41.5287,0.0577526
41.5441,0.0553151
41.5518,0.0550792
41.5699,0.0570517
41.588,0.062517
41.6106,0.074163
41.6372,0.0943515
41.6728,0.130244
41.7333,0.19569
41.7643,0.218114
41.7937,0.225682
41.8216,0.219538
41.8619,0.193241
41.9203,0.148165
41.9427,0.136895
41.967,0.130369
41.9869,0.129002
42.0563,0.134443
42.092,0.130216
42.1243,0.11787
42.1709,0.0895383
42.2218,0.0563961
42.2512,0.0410208
42.2761,0.0310074
42.2983,0.0243608
42.3205,0.0195267
42.3415,0.0162704
42.3637,0.0138947
42.3903,0.0120357
42.4257,0.0105961
42.4612,0.00981447
42.5177,0.00923387
42.5565,0.00910036
42.6451,0.00933813
42.7115,0.0100003
42.7846,0.0113805
42.8355,0.0129957
42.8801,0.015215
42.9119,0.0176449
42.9374,0.0204869
42.9603,0.0241625
42.9832,0.0294957
43.0033,0.0361937
43.0234,0.0456097
43.0425,0.0580157
43.0616,0.0747951
43.0807,0.0970068
43.1017,0.128865
43.1246,0.173448
43.1526,0.241695
43.2354,0.477688
43.269,0.542954
43.3022,0.566656
43.3047,0.566723
43.3373,0.548951
43.4086,0.470644
43.4304,0.463855
43.4589,0.477074
43.5454,0.583067
43.5613,0.588906
43.5939,0.568281
43.6265,0.503869
43.6743,0.36023
43.7172,0.228374
43.7427,0.164437
43.765,0.120148
43.7827,0.0926329
43.8001,0.0715603
43.8174,0.0555309
43.8348,0.0436223
43.8522,0.0349475
43.871,0.0282919
43.8904,0.0235852
43.9126,0.020033
43.9404,0.0173347
43.9681,0.0158146
44.0014,0.0149593
44.018,0.0148393
44.0511,0.0152016
44.084,0.0165534
44.1086,0.0185164
44.1333,0.0216845
44.1538,0.0256012
44.1752,0.0313048
44.1978,0.0396098
44.2227,0.0519688
44.2508,0.0704319
44.2862,0.0997088
44.3519,0.158503
44.3871,0.179462
44.4157,0.185193
44.4446,0.179247
44.4785,0.159089
44.5697,0.0785722
44.5968,0.059094
44.6198,0.0461627
44.64,0.0375636
44.6604,0.0312947
44.6808,0.0272192
44.7012,0.0250804
44.7182,0.0246089
44.7396,0.0255147
44.7656,0.0285442
44.8016,0.0353415
44.8602,0.0482196
44.8945,0.053156
44.9179,0.0542206
44.9475,0.0524744
44.9807,0.046856
45.0725,0.0239221
45.1029,0.0178933
45.1278,0.0141613
45.1499,0.0116972
45.172,0.00991316
45.1953,0.00861648
45.2218,0.0076606
45.2483,0.0070834
45.2837,0.00667249
45.3501,0.00645991
45.4363,0.00671304
45.5158,0.00737794
45.5866,0.0084753
45.6308,0.00959153
45.664,0.010825
45.6971,0.0126575
45.7251,0.0150044
45.7487,0.0179123
45.7723,0.0221315
45.7929,0.0273745
45.8136,0.0346057
45.8338,0.0442241
45.8541,0.0569321
45.8764,0.0751022
45.902,0.101896
45.9367,0.147584
46.0022,0.244677
46.0347,0.28054
46.0671,0.296755
46.0732,0.297184
46.1054,0.285477
46.1349,0.256784
46.2278,0.126753
46.2556,0.0960938
46.2784,0.0773884
46.2955,0.0673397
46.3126,0.0606537
46.3297,0.0572145
46.3411,0.0566551
46.3576,0.0581997
46.3808,0.064798
46.404,0.0760775
46.4355,0.0974371
46.5017,0.149332
46.5368,0.168113
46.5641,0.17318
46.5969,0.166567
46.6328,0.145573
46.7194,0.0744487
46.7491,0.0549147
46.7738,0.0424368
46.7965,0.0339018
46.8171,0.0282787
46.8406,0.0238296
46.8641,0.0209935
46.8876,0.0193255
46.92,0.0183289
46.9309,0.0182404
46.9742,0.0187533
47.0174,0.0204024
47.0607,0.0232513
47.1005,0.0274097
47.1323,0.032554
47.1601,0.0394
47.184,0.0482124
47.2051,0.0595839
47.2246,0.0746255
47.2417,0.0927809
47.2587,0.117197
47.2755,0.149112
47.2926,0.191579
47.3116,0.253218
47.3322,0.340422
47.3539,0.457681
47.381,0.641585
47.4276,1.02987
47.4699,1.37918
47.5036,1.57298
47.5345,1.63692
47.561,1.59131
47.5925,1.42892
47.6391,1.05488
47.6868,0.655762
47.7134,0.472919
47.7351,0.352893
47.7562,0.26106
47.7757,0.19619
47.792,0.154595
47.8088,0.121447
47.8251,0.0970588
47.8414,0.0786148
47.8603,0.0627931
47.8793,0.0514497
47.9024,0.0418145
47.9227,0.0358424
47.9498,0.0302243
47.9837,0.0254909
48.0241,0.0217323
48.0802,0.0183932
48.1251,0.0166712
48.1982,0.0150484
48.2617,0.0145885
48.3072,0.0148368
48.3559,0.0159153
48.3925,0.0177525
48.4168,0.0198958
48.4412,0.0232791
48.4625,0.027791
48.4829,0.034058
48.5008,0.0417356
48.5188,0.0520069
48.5393,0.0676749
48.5598,0.0883188
48.5814,0.116
48.6101,0.162651
48.6593,0.261515
48.7034,0.347684
48.7342,0.388714
48.765,0.403512
48.7958,0.388741
48.8255,0.349609
48.8804,0.242283
48.9199,0.16533
48.9486,0.120104
48.9702,0.0938699
48.9907,0.0751064
49.0061,0.0648301
49.0215,0.0576088
49.0369,0.0532774
49.0523,0.0517215
49.0679,0.0529426
49.0841,0.0572187
49.1003,0.0646766
49.1192,0.0776205
49.1408,0.0983061
49.1641,0.127876
49.1946,0.176671
49.2694,0.311155
49.3038,0.351987
49.3321,0.363359
49.361,0.351471
49.3946,0.311484
49.4846,0.152427
49.5127,0.112159
49.5368,0.0853605
49.5565,0.068744
49.5781,0.0554405
49.5953,0.0478919
49.6135,0.0422621
49.6339,0.0382596
49.6612,0.0356779
49.6816,0.0352094
49.7157,0.0363432
49.7565,0.0400555
49.7974,0.0462133
49.8375,0.0554783
49.8696,0.0666358
49.8985,0.0814727
49.921,0.0980144
49.941,0.118259
49.9614,0.146441
49.9818,0.185108
50.0018,0.236711
50.0226,0.308805
50.0434,0.404437
50.0657,0.538199
50.0895,0.720871
50.1208,1.02475
50.2115,2.07272
50.2448,2.33621
50.2777,2.43099
50.307,2.35636
50.3354,2.15459
50.3808,1.66175
50.4371,1.00401
50.4662,0.725957
50.4896,0.547369
50.5107,0.420739
50.5311,0.32696
50.5515,0.257153
50.5697,0.211935
50.5878,0.179779
50.6081,0.156471
50.6238,0.145995
50.6475,0.140534
50.6658,0.143381
50.6913,0.155539
50.7297,0.186485
50.7905,0.241153
50.8284,0.259589
50.841,0.260912
50.8737,0.251968
50.9121,0.221024
51.003,0.114685
51.0334,0.0856334
51.0587,0.0667889
51.0842,0.0526171
51.1056,0.0438985
51.1302,0.0368374
51.1547,0.0321226
51.179,0.0291049
51.215,0.0265966
51.263,0.0253776
51.2814,0.0253094
51.3367,0.0260393
51.3858,0.0277671
51.4473,0.0316357
51.4928,0.0362957
51.5343,0.0427673
51.5675,0.0505145
51.5985,0.0612426
51.6261,0.075355
51.6505,0.0935303
51.6719,0.115752
51.6942,0.147536
51.7139,0.185183
51.7336,0.234121
51.7563,0.30758
51.7808,0.409955
51.8094,0.562148
51.8524,0.8472
51.9123,1.26341
51.9504,1.44631
51.9838,1.50204
52.0144,1.45437
52.0487,1.3012
52.1068,0.906253
52.1536,0.589249
52.182,0.432659
52.2065,0.325172
52.2305,0.243413
52.2523,0.18704
52.2742,0.144759
52.2943,0.115736
52.3153,0.0931846
52.3389,0.0747859
52.3651,0.0603987
52.3922,0.049989
52.4254,0.0411286
52.4669,0.0336611
52.5085,0.0285435
52.5609,0.0240855
52.6134,0.0211299
52.6554,0.0196652
52.7005,0.0191045
52.7367,0.0196977
52.7728,0.021611
52.8022,0.0244144
52.8365,0.0292908
52.8874,0.0393078
52.9477,0.0519176
52.9839,0.056892
53.0136,0.0582475
53.0517,0.0559647
53.0954,0.0489003
53.1587,0.036386
53.1903,0.0319741
53.2175,0.0302384
53.231,0.0302344
53.2512,0.0314069
53.2763,0.0349751
53.3015,0.0409292
53.3342,0.0519998
53.4249,0.0909755
53.464,0.102096
53.4926,0.104678
53.5263,0.100869
53.5648,0.088649
53.6592,0.0463672
53.6915,0.0347077
53.7176,0.0274347
53.744,0.0219251
53.7705,0.018022
53.797,0.0153793
53.8197,0.0138635
53.8514,0.0125555
53.8832,0.0118832
53.9316,0.0116125
53.9861,0.0120789
54.0298,0.0131091
54.0708,0.0149494
54.1036,0.0174465
54.1323,0.0207843
54.1606,0.0255313
54.1872,0.0316667
54.2192,0.0414647
54.2594,0.0573981
54.343,0.0942812
54.3785,0.1047
54.4155,0.108493
54.4562,0.103819
54.5202,0.0848064
54.5644,0.0721283
54.5948,0.0675646
54.6054,0.067172
54.6268,0.0687595
54.6481,0.074146
54.6694,0.0842544
54.6905,0.100053
54.7116,0.122987
54.7327,0.154609
54.7538,0.196507
54.7768,0.255341
54.803,0.340635
54.8358,0.472707
54.9162,0.838614
54.9539,0.959526
54.9864,1.00062
54.9897,1.001
55.0215,0.968499
55.0523,0.880879
55.1023,0.665715
55.1561,0.422067
55.1864,0.308819
55.2133,0.229764
55.2358,0.178825
55.2561,0.144045
55.2742,0.120954
55.2924,0.104159
55.3131,0.0922212
55.3338,0.0869099
55.3407,0.0864998
55.3613,0.0891223
55.382,0.0972848
55.4064,0.113696
55.438,0.144642
55.5298,0.260829
55.5665,0.291747
55.5952,0.2998
55.6276,0.289814
55.6667,0.255018
55.7442,0.161248
55.7765,0.131911
55.7985,0.118999
55.8226,0.112237
55.8313,0.111779
55.8571,0.116753
55.883,0.131563
55.9071,0.154786
55.9326,0.189919
55.9629,0.246607
55.9984,0.332678
56.0824,0.570562
56.1217,0.648362
56.1555,0.67158
56.1871,0.65022
56.2249,0.575667
56.2888,0.384583
56.3314,0.260894
56.3608,0.191306
56.3852,0.145751
56.4081,0.112468
56.431,0.0873292
56.4524,0.0699124
56.4742,0.0570073
56.496,0.0478016
56.5215,0.0404563
56.5505,0.0351213
56.5869,0.0313308
56.6305,0.0292544
56.6649,0.0287933
56.7282,0.0298489
56.7914,0.0332095
56.842,0.0380205
56.8854,0.0445255
56.9239,0.0534749
56.9547,0.0644596
56.9778,0.0764302
57.0,0.0925898
57.0222,0.115483
57.0416,0.143349
57.061,0.181214
57.0794,0.229451
57.0988,0.296366
57.1182,0.383784
57.1386,0.501504
57.1632,0.685098
57.1897,0.935601
57.2279,1.38404
57.2981,2.28378
57.3363,2.62656
57.371,2.74034
57.372,2.74038
57.4016,2.6593
57.4336,2.4094
57.4829,1.81621
57.5395,1.09404
57.5709,0.768738
57.5956,0.566943
57.6171,0.428287
57.6375,0.326663
57.6578,0.249081
57.6761,0.196044
57.6944,0.155779
57.7128,0.125485
57.7337,0.100048
57.757,0.0800425
57.7785,0.0668406
57.8031,0.0559604
57.8339,0.0464113
57.8678,0.0390742
57.914,0.0321397
57.9694,0.0264711
58.0295,0.0222234
58.0988,0.0188137
58.1819,0.0160539
58.2752,0.0140904
58.3735,0.0129614
58.4391,0.0126962
58.5139,0.0129603
58.577,0.0139127
58.619,0.0152635
58.6493,0.0169243
58.677,0.0193361
58.7001,0.022386
58.7232,0.0268724
58.7417,0.0319225
58.7626,0.0397167
58.7834,0.0504348
58.8037,0.064483
58.8261,0.0850043
58.8508,0.114671
58.8765,0.154325
58.9102,0.218647
58.9943,0.400868
59.029,0.45343
59.0643,0.473989
59.0657,0.47402
59.0996,0.456372
59.1321,0.410064
59.1871,0.294094
59.2353,0.190341
59.2633,0.140411
59.2888,0.103912
59.3123,0.0777351
59.3322,0.0606809
59.3538,0.0466423
59.3754,0.0363632
59.397,0.0289845
59.4186,0.0237597
59.4385,0.020321
59.466,0.0170788
59.4936,0.0149807
59.5349,0.0130782
59.5762,0.0120194
59.6176,0.0114856
59.6451,0.0113839
59.6895,0.0117456
59.7256,0.0127509
59.7545,0.0142695
59.7834,0.0166892
59.8106,0.0200331
59.8384,0.0247026
59.8717,0.0320673
59.9309,0.048629
59.9806,0.0621519
60.0228,0.069415
60.0508,0.0709181
60.0917,0.0682631
60.1961,0.0504748
60.2218,0.0477429
60.2616,0.0463293
60.371,0.0499117
60.4164,0.0481783
60.4672,0.042638
60.5424,0.0325102
60.5889,0.0282863
60.6301,0.0267231
60.6417,0.0266563
60.6824,0.0276316
60.7253,0.0305972
60.7654,0.0353199
60.7975,0.0409153
60.8295,0.0489589
60.858,0.0592847
60.8829,0.0720475
60.9078,0.0899227
60.9296,0.111409
60.9518,0.14088
60.974,0.180152
60.9984,0.237466
61.0224,0.310855
61.0504,0.420489
61.0856,0.594561
61.1833,1.16859
61.2189,1.31659
61.2541,1.38014
61.2607,1.38149
61.2921,1.34263
61.3362,1.18249
61.4233,0.749961
61.4582,0.621475
61.4838,0.556448
61.5113,0.51134
61.5608,0.471882
61.627,0.428556
61.6735,0.369862
61.7852,0.175554
61.8168,0.130822
61.8436,0.100596
61.8692,0.0781831
61.8953,0.0610415
61.9215,0.0486169
61.9443,0.0407425
61.9704,0.0342747
61.9984,0.029471
62.0263,0.0261379
62.0682,0.0228522
62.1241,0.0203339
62.166,0.0193955
62.194,0.0192231
62.2339,0.019798
62.2639,0.0210995
62.2938,0.0234135
62.3288,0.0277106
62.3662,0.0344452
62.4203,0.0474065
62.4846,0.0629693
62.5246,0.0687435
62.549,0.0697871
62.5889,0.0670695
62.6267,0.060231
62.7254,0.0360942
62.7642,0.0288457
62.7975,0.0244954
62.8242,0.0221595
62.8644,0.0201706
62.9047,0.019507
62.9651,0.0200275
63.0316,0.0220363
63.0896,0.025316
63.1302,0.0292265
63.165,0.0345382
63.1961,0.0417715
63.2251,0.0515527
63.2541,0.0652502
63.2831,0.0837234
63.3171,0.112141
63.3642,0.161985
63.4345,0.241162
63.4786,0.275408
63.5198,0.286572
63.5621,0.276841
63.6432,0.237308
63.6577,0.235069
63.6806,0.239666
63.7056,0.260605
63.7264,0.295125
63.7484,0.352952
63.7696,0.434483
63.7933,0.559653
63.8178,0.732194
63.8464,0.992949
63.8834,1.41305
63.9612,2.39166
63.9982,2.72631
64.0339,2.86416
64.0392,2.86647
64.0747,2.7598
64.1117,2.45153
64.2143,1.21943
64.2459,0.923453
64.2688,0.763775
64.2902,0.658623
64.3062,0.607235
64.3276,0.57315
64.3383,0.569741
64.3654,0.596479
64.3982,0.681911
64.48,0.976085
64.5193,1.0586
64.5383,1.06892
64.5767,1.02574
64.6192,0.893141
64.7036,0.547905
64.7355,0.451379
64.7587,0.406929
64.7835,0.388126
64.8001,0.394655
64.8194,0.424162
64.836,0.470607
64.8553,0.553146
64.8746,0.670849
64.8966,0.855274
64.9207,1.12599
64.9448,1.47696
64.9742,2.0183
65.0156,2.96154
65.0838,4.62328
65.1252,5.33957
65.1603,5.57684
65.1639,5.57889
65.1961,5.40985
65.2348,4.81021
65.2963,3.35765
65.3458,2.19075
65.378,1.57724
65.4033,1.20062
65.428,0.919443
65.45,0.737049
65.472,0.609459
65.494,0.528184
65.5128,0.489135
65.5354,0.4725
65.5572,0.481054
65.5957,0.536359
65.6794,0.699818
65.7203,0.734795
65.727,0.73538
65.7645,0.709784
65.81,0.620307
65.9122,0.336766
65.9473,0.261962
65.9724,0.22419
65.9946,0.20289
66.0195,0.193096
66.0231,0.192942
66.0444,0.198655
66.0657,0.215728
66.0922,0.253014
66.1188,0.307298
66.1576,0.412567
66.2345,0.65152
66.2743,0.739768
66.3126,0.77092
66.3486,0.743668
66.3884,0.6576
66.4906,0.337564
66.5223,0.259177
66.5467,0.21485
66.5697,0.18692
66.5871,0.175256
66.6044,0.171615
66.6268,0.178769
66.6483,0.197884
66.6727,0.233635
66.7046,0.299744
66.8053,0.564221
66.8454,0.630654
66.8726,0.644697
66.9067,0.622585
66.9427,0.55653
67.0017,0.393754
67.0508,0.255975
67.0835,0.180835
67.1101,0.132811
67.134,0.099408
67.1553,0.0766904
67.1763,0.0597319
67.1968,0.0474171
67.2172,0.0383819
67.2402,0.0311648
67.2658,0.0257457
67.2914,0.0221584
67.3221,0.0193641
67.3679,0.0168879
67.4212,0.0152414
67.5102,0.013763
67.6169,0.0130444
67.6656,0.0129952
67.7568,0.0133652
67.848,0.0144781
67.921,0.0161886
67.9818,0.0185952
68.0304,0.0217295
68.0669,0.0253972
68.0973,0.0299537
68.1241,0.0357624
68.1482,0.0431506
68.1723,0.0534384
68.1964,0.067696
68.221,0.0875907
68.2453,0.114165
68.2696,0.149
68.298,0.201605
68.3304,0.278297
68.3774,0.415886
68.4472,0.627668
68.4893,0.713587
68.5247,0.738299
68.5633,0.709288
68.6061,0.618078
68.7135,0.294394
68.7463,0.214073
68.7755,0.157761
68.8003,0.120858
68.823,0.0947193
68.8457,0.074821
68.8684,0.059971
68.8931,0.0482375
68.9174,0.0400557
68.9466,0.0333316
68.9758,0.0288887
69.0147,0.0251981
69.0439,0.0235061
69.0896,0.0220656
69.1353,0.0217492
69.1821,0.0225626
69.2289,0.0248899
69.2673,0.0285112
69.3036,0.0340592
69.3362,0.0415572
69.3688,0.0522658
69.4,0.0664246
69.432,0.0860923
69.4617,0.110607
69.4907,0.142165
69.5197,0.183733
69.5473,0.235249
69.578,0.309993
69.6101,0.410412
69.6503,0.569085
69.7416,0.983566
69.7828,1.11462
69.8212,1.15785
69.86,1.11062
69.8974,0.988273
69.9662,0.657472
70.0145,0.431007
70.046,0.310875
70.0718,0.232723
70.0949,0.177242
70.1174,0.135365
70.14,0.103572
70.1602,0.081994
70.1805,0.0657018
70.2008,0.0535154
70.2244,0.0431739
70.2481,0.0358328
70.2729,0.0303602
70.3066,0.0252717
70.3404,0.0218724
70.3855,0.0188482
70.4418,0.0164419
70.519,0.0145509
70.5962,0.013723
70.6348,0.0136437
70.6974,0.0140379
70.7471,0.0150109
70.7844,0.0164367
70.8154,0.0184648
70.8403,0.0210156
70.8634,0.0245516
70.8846,0.0292132
70.9058,0.0357837
70.9269,0.044933
70.9481,0.0574636
70.9693,0.0742812
70.9914,0.0974486
71.0149,0.129495
71.0408,0.174637
71.0701,0.238724
71.1085,0.341764
71.2078,0.640274
71.262,0.761393
71.3192,0.830149
71.3645,0.844657
71.4277,0.810511
71.4871,0.7179
71.5914,0.484775
71.6303,0.425925
71.6619,0.404619
71.6782,0.403296
71.7108,0.41761
71.8026,0.499915
71.8305,0.508592
71.8701,0.492264
71.9108,0.441366
72.0143,0.251497
72.043,0.210442
72.0748,0.178778
72.1016,0.163726
72.134,0.15767
72.1803,0.164235
72.2464,0.178339
72.2621,0.179054
72.3007,0.173541
72.3377,0.158383
72.3964,0.12063
72.4636,0.0741042
72.4975,0.0548139
72.5292,0.0405982
72.5569,0.0310548
72.5816,0.0246064
72.6063,0.0197481
72.633,0.0159166
72.6609,0.0130642
72.6889,0.0110631
72.7225,0.00940974
72.7673,0.00797353
72.8201,0.00688851
72.8973,0.00587629
72.9938,0.00506802
73.1096,0.00443994
73.2253,0.00402525
73.399,0.00364524
73.5727,0.00346246
73.6884,0.00343157
73.8866,0.00355952
74.0352,0.00385922
74.161,0.00434486
74.2563,0.00496526
74.3325,0.0057459
74.3992,0.00681781
74.4468,0.0080115
74.4849,0.00945449
74.5183,0.0113451
74.5482,0.0138653
74.5726,0.0168031
74.597,0.0208842
74.6214,0.0265345
74.6443,0.0337165
74.6671,0.0432146
74.6923,0.0569306
74.7197,0.0764683
74.7506,0.104722
74.7891,0.148941
74.8821,0.272042
74.9263,0.314051
74.9667,0.328712
74.9688,0.328751
75.0025,0.319448
75.0422,0.287134
75.1043,0.208536
75.1603,0.135211
75.1954,0.0974011
75.2259,0.0714499
75.2526,0.0539675
75.277,0.0417906
75.3014,0.0326779
75.3258,0.02604
75.3476,0.0217412
75.3731,0.018244
75.3985,0.0159693
75.424,0.0146158
75.4498,0.0139877
75.4628,0.013919
75.4889,0.0142617
75.5182,0.0154554
75.5476,0.0176677
75.5723,0.0205423
75.5981,0.0248275
75.6248,0.0310208
75.652,0.039696
75.6786,0.0510135
75.7094,0.0680907
75.7454,0.0938682
75.7998,0.142022
75.8643,0.199408
75.9072,0.224558
75.9409,0.231208
75.9788,0.223099
76.0217,0.196303
76.1363,0.0914016
76.1685,0.0673329
76.1959,0.0509683
76.2228,0.0386045
76.2466,0.0303491
76.2708,0.0242361
76.2938,0.0201731
76.3134,0.0178225
76.3331,0.0163683
76.3528,0.0157219
76.3594,0.0156787
76.3825,0.0162191
76.4024,0.0176112
76.4223,0.0199905
76.4422,0.0235422
76.4646,0.0292362
76.487,0.0371057
76.5094,0.0475559
76.5357,0.063649
76.5636,0.0854186
76.6006,0.121812
76.6925,0.226986
76.7366,0.263598
76.7755,0.276201
76.7789,0.276277
76.8161,0.266194
76.8549,0.236846
76.9212,0.162427
76.9715,0.10616
77.0057,0.0750546
77.0324,0.0558758
77.0567,0.0422418
77.0789,0.0326065
77.1013,0.0252638
77.1236,0.0198384
77.146,0.0159183
77.1658,0.0134018
77.1907,0.0112
77.2155,0.00974282
77.2503,0.00850871
77.295,0.00771875
77.3398,0.0074015
77.3774,0.00734385
77.4526,0.00761359
77.5278,0.00835377
77.5843,0.00930212
77.6407,0.0107891
77.688,0.0127685
77.7258,0.0152262
77.7589,0.0184681
77.7873,0.0225226
77.8131,0.0277052
77.8372,0.0343096
77.8613,0.0431521
77.8853,0.0548129
77.9098,0.0701846
77.9356,0.0907761
77.9674,0.122956
78.0087,0.17545
78.105,0.316789
78.1504,0.36647
78.1972,0.390364
78.213,0.391821
78.2787,0.37381
78.3423,0.356581
78.387,0.367382
78.5077,0.457245
78.5351,0.46381
78.5754,0.448881
78.6142,0.406285
78.6719,0.307465
78.7355,0.190174
78.772,0.134525
78.8011,0.099515
78.8269,0.0753334
78.8504,0.0584991
78.8715,0.0469626
78.895,0.0374661
78.9185,0.0307557
78.942,0.0261797
78.9689,0.0228801
78.991,0.021309
79.0255,0.0203829
79.0549,0.0207689
79.0844,0.0221998
79.1139,0.0248646
79.1433,0.0291825
79.1697,0.035002
79.1968,0.0435923
79.2204,0.0539889
79.2441,0.0677874
79.2711,0.0886219
79.3007,0.118629
79.3345,0.162988
79.3742,0.228008
79.468,0.400046
79.5111,0.455963
79.5516,0.476869
79.555,0.477
79.5922,0.461949
79.6361,0.409898
79.7548,0.201222
79.789,0.153139
79.8209,0.119155
79.8479,0.0983672
79.875,0.0842516
79.9001,0.0761815
79.9322,0.0713382
79.9523,0.070676
79.9965,0.0736022
80.0477,0.0825786
80.0875,0.0943144
80.1223,0.109824
80.1571,0.132087
80.195,0.1652
80.2581,0.237313
80.3159,0.303481
80.3571,0.33454
80.3901,0.342819
80.4302,0.330159
80.4688,0.296772
80.5365,0.209061
80.5937,0.134533
80.6296,0.0967348
80.6585,0.072826
80.6854,0.0557041
80.7093,0.0442253
80.7332,0.0357691
80.7556,0.0301502
80.778,0.0263613
80.8049,0.0237761
80.8317,0.0229105
80.8362,0.0229081
80.8676,0.0238499
80.9067,0.026947
80.9701,0.0347535
81.0937,0.0529242
81.1388,0.0628122
81.1728,0.0743456
81.2042,0.0898116
81.2389,0.113448
81.283,0.153525
81.3731,0.249043
81.4142,0.280413
81.456,0.292929
81.458,0.292958
81.5004,0.28122
81.5402,0.251599
81.645,0.143329
81.6728,0.121106
81.6914,0.110168
81.7179,0.101122
81.7312,0.0998962
81.7508,0.102608
81.77,0.110967
81.7892,0.125514
81.8116,0.150989
81.8372,0.192113
81.8667,0.255998
81.9026,0.355859
82.0031,0.689169
82.0477,0.793822
82.0877,0.828007
82.0888,0.828021
82.127,0.797791
82.1683,0.705719
82.2393,0.470282
82.2897,0.306781
82.3211,0.223542
82.3483,0.16582
82.3742,0.123096
82.3971,0.0941185
82.4172,0.0747794
82.4393,0.0589733
82.4605,0.0482239
82.4817,0.04099
82.4994,0.0371725
82.5206,0.0348161
82.5348,0.034432
82.5567,0.0355497
82.5791,0.0387322
82.6053,0.0450402
82.6351,0.0557809
82.6655,0.0707213
82.7044,0.095377
82.812,0.177458
82.8592,0.202436
82.8997,0.209841
82.9424,0.201438
82.9911,0.174514
83.1011,0.0904472
83.1369,0.0682506
83.1675,0.053355
83.1984,0.0421396
83.2257,0.035041
83.2542,0.029914
83.2809,0.026695
83.3143,0.0241858
83.3731,0.0219805
83.468,0.0204897
83.4842,0.0204308
83.5282,0.0208776
83.5673,0.0225122
83.5977,0.0250979
83.6281,0.0293782
83.6561,0.0353589
83.6846,0.0441021
83.7132,0.0561689
83.7417,0.0721535
83.7742,0.0955975
83.8178,0.135492
83.9236,0.24634
83.9664,0.276943
84.0088,0.28828
84.0111,0.288287
84.0536,0.277443
84.1027,0.243676
84.1938,0.164286
84.2311,0.142763
84.2596,0.135736
84.266,0.135546
84.285,0.138409
84.3103,0.1513
84.3294,0.168879
84.3536,0.202756
84.3796,0.255787
84.4057,0.328518
84.4352,0.436897
84.4691,0.597136
84.5177,0.883127
84.5991,1.39055
84.6428,1.57736
84.6846,1.64149
84.7257,1.57958
84.7664,1.41031
84.8395,0.959488
84.8938,0.627847
84.9277,0.457973
84.9548,0.348114
84.982,0.261002
85.0068,0.199171
85.0306,0.15387
85.0543,0.119564
85.0781,0.093973
85.1018,0.0750738
85.1259,0.0609872
85.1523,0.0498385
85.1824,0.0408526
85.2126,0.0345178
85.2503,0.0289429
85.2955,0.0243214
85.352,0.0203557
85.4086,0.0175652
85.4839,0.0149432
85.5781,0.0127565
85.6724,0.0113337
85.7737,0.0103735
85.9012,0.00979629
85.9649,0.0097564
86.0689,0.0102082
86.1314,0.0111511
86.168,0.0122679
86.2047,0.0141737
86.2353,0.0167224
86.2658,0.0205627
86.2934,0.0255162
86.3209,0.0322688
86.3478,0.0409348
86.379,0.0537818
86.4211,0.0757453
86.5268,0.139193
86.5725,0.157503
86.6104,0.162756
86.6516,0.157
86.6912,0.14161
86.7775,0.0916442
86.8243,0.0661971
86.8579,0.0516698
86.8868,0.0420097
86.9158,0.034894
86.9447,0.0300278
86.9735,0.0270342
87.0082,0.0254381
87.0197,0.0253211
87.0543,0.0261042
87.089,0.0286283
87.1208,0.032752
87.1513,0.038778
87.1818,0.0473782
87.2124,0.0591184
87.2473,0.0769369
87.2912,0.106186
87.4229,0.212684
87.4914,0.251462
87.559,0.285284
87.5942,0.318574
87.6228,0.365264
87.6503,0.434871
87.6759,0.528772
87.7016,0.656475
87.7326,0.862263
87.7677,1.16483
87.8164,1.68867
87.8951,2.58288
87.9403,2.93968
87.9836,3.06267
88.023,2.96062
88.0651,2.65003
88.1345,1.87571
88.1933,1.20833
88.2284,0.880274
88.2576,0.659595
88.2849,0.496564
88.3108,0.376444
88.3362,0.286976
88.3615,0.220047
88.3868,0.170798
88.4128,0.134247
88.44,0.106788
88.4673,0.0872916
88.4985,0.0716102
88.5336,0.0594235
88.5726,0.0500697
88.6213,0.0420556
88.6816,0.0354292
88.7397,0.0311663
88.8094,0.0279209
88.8791,0.0263799
88.9023,0.0262625
88.9487,0.0267504
89.0021,0.0288668
89.0422,0.0319897
89.0831,0.0371243
89.1217,0.0445384
89.1542,0.0535852
89.1856,0.0658148
89.2146,0.0814614
89.2436,0.102824
89.2698,0.128603
89.2993,0.166847
89.3312,0.221566
89.3669,0.301149
89.4119,0.428181
89.5152,0.756402
89.5616,0.854676
89.6015,0.883126
89.6439,0.848671
89.6874,0.752643
89.7675,0.49225
89.8206,0.325402
89.8551,0.237552
89.8865,0.173998
89.9135,0.131689
89.9404,0.0992801
89.9644,0.0774541
89.9883,0.0609421
90.0134,0.0481216
90.0381,0.03888
90.067,0.0311763
90.0958,0.0257812
90.1246,0.0219339
90.1635,0.0183047
90.2085,0.0154596
90.2646,0.0130282
90.3395,0.0108345
90.4331,0.00900242
90.5454,0.00754022
90.6577,0.00654266
90.8074,0.00563932
90.9946,0.00492346
91.2192,0.00443447
91.4585,0.00421402
91.5382,0.00419848
91.76,0.00430897
91.9818,0.00469098
92.1606,0.00529065
92.3095,0.00611449
92.4287,0.00712417
92.533,0.00843315
92.6224,0.010082
92.6969,0.0120831
92.7528,0.0142171
92.8086,0.0173122
92.8533,0.0210416
92.8906,0.0256877
92.9204,0.0310811
92.9464,0.0376769
92.9725,0.0468069
92.9975,0.0588509
93.0209,0.0741469
93.0444,0.0944439
93.0678,0.121023
93.0917,0.155854
93.1185,0.206163
93.1498,0.281717
93.187,0.396542
93.2407,0.602277
93.3211,0.925683
93.3643,1.04798
93.4088,1.09825
93.4117,1.09846
93.4537,1.05882
93.4969,0.944595
93.5699,0.656996
93.6303,0.419499
93.6653,0.306855
93.6951,0.229647
93.723,0.172581
93.7491,0.131361
93.7751,0.100029
93.7973,0.0797931
93.8208,0.063487
93.8442,0.0513081
93.8716,0.0410105
93.899,0.0337522
93.9256,0.028734
93.9608,0.0241585
94.003,0.020649
94.0452,0.0185129
94.0874,0.0173965
94.1156,0.0172111
94.1559,0.0179254
94.1923,0.0199847
94.2211,0.0230081
94.2499,0.0277512
94.2738,0.0334057
94.2978,0.040964
94.3266,0.0529898
94.3555,0.0686984
94.3895,0.0919957
94.441,0.135608
94.5167,0.203427
94.5653,0.234049
94.6083,0.244036
94.6099,0.244048
94.6489,0.236305
94.6916,0.212006
94.7615,0.151555
94.8208,0.0995485
94.8596,0.0718662
94.8902,0.0548183
94.9182,0.0428156
94.9462,0.0339104
94.9742,0.0276167
95.0022,0.023419
95.0262,0.0211355
95.0588,0.0195001
95.0805,0.0191584
95.1175,0.0197066
95.148,0.0211857
95.1844,0.024418
95.2132,0.0285495
95.2404,0.0343221
95.2655,0.041952
95.2911,0.0528379
95.314,0.0661675
95.3372,0.0839824
95.3617,0.108662
95.3883,0.143723
95.4152,0.189074
95.4479,0.258473
95.4874,0.362869
95.5923,0.682736
95.6424,0.793232
95.6886,0.834256
95.6952,0.83474
95.7437,0.800195
95.8581,0.593377
95.9026,0.53996
95.9472,0.52431
96.0072,0.550792
96.1114,0.615271
96.2284,0.644952
96.2895,0.699658
96.4017,0.855445
96.4438,0.875409
96.4881,0.84511
96.5361,0.751286
96.6044,0.546729
96.6704,0.342048
96.7097,0.242147
96.7406,0.179406
96.7691,0.133954
96.7962,0.100805
96.8194,0.0790458
96.8427,0.062392
96.8659,0.0498743
96.8892,0.0406196
96.9163,0.032956
96.945,0.0275907
96.9679,0.0247945
97.0023,0.0224884
97.0281,0.021992
97.0597,0.0227022
97.0939,0.0251645
97.1266,0.0292931
97.162,0.0359262
97.2046,0.046847
97.2734,0.069491
97.3379,0.0903182
97.3819,0.0996901
97.4219,0.102541
97.4641,0.0989376
97.5145,0.0868652
97.6421,0.0425179
97.6794,0.0319553
97.7131,0.0243909
97.745,0.0189399
97.7733,0.0153423
97.8017,0.012733
97.834,0.0107359
97.8676,0.00952255
97.8927,0.00908338
97.9095,0.00898997
97.9431,0.0092655
97.9721,0.0100256
98.0012,0.0113357
98.0302,0.0132862
98.0657,0.0166789
98.1044,0.0217804
98.1496,0.0295362
98.2649,0.0526104
98.3108,0.0588691
98.3556,0.0610214
98.3996,0.0588169
98.4495,0.0517696
98.5792,0.0255124
98.6203,0.0188007
98.6546,0.0144417
98.6866,0.0113423
98.7189,0.0090493
98.7512,0.00742301
98.7834,0.00630091
98.8247,0.00537683
98.8762,0.00472663
98.9447,0.00430587
99.0475,0.00408221
99.0818,0.00406336
99.2004,0.00414053
99.3191,0.00443224
99.4242,0.0049381
99.5083,0.00564486
99.5713,0.00653876
99.6134,0.00748183
99.6449,0.00850957
99.6775,0.0100282
99.7084,0.012111
99.7393,0.0151078
99.7658,0.0186837
99.7923,0.0234847
99.8203,0.030225
99.8497,0.0395707
99.8821,0.0529338
99.9174,0.0714575
99.9678,0.104405
100.059,0.170008
100.111,0.196848
100.155,0.205826
100.16,0.205913
100.2,0.199676
100.249,0.177375
100.327,0.122944
100.387,0.0817169
100.424,0.0608066
100.458,0.0456925
100.488,0.0351858
100.518,0.0272764
100.549,0.021522
100.575,0.0178653
100.604,0.0150512
100.633,0.0131216
100.668,0.0116286
100.702,0.0107452
100.749,0.0101762
100.78,0.0100594
100.842,0.0102903
100.905,0.0110792
100.967,0.012574
101.019,0.0147128
101.06,0.0174777
101.091,0.0206179
101.122,0.0252074
101.147,0.0306548
101.172,0.0378262
101.196,0.0475401
101.221,0.0605513
101.246,0.0777134
101.273,0.102744
101.299,0.133811
101.328,0.176463
101.365,0.245315
101.414,0.358618
101.507,0.586987
101.554,0.665538
101.599,0.694006
101.6,0.694009
101.64,0.672937
101.682,0.608742
101.748,0.456076
101.82,0.27849
101.861,0.196643
101.895,0.143549
101.923,0.109693
101.95,0.0835756
101.975,0.0658629
102.0,0.0522043
102.025,0.0421697
102.054,0.0342033
102.079,0.0293409
102.111,0.0254041
102.149,0.0229494
102.174,0.0223688
102.204,0.0226076
102.233,0.0237938
102.271,0.0266931
102.316,0.0323013
102.368,0.041632
102.49,0.0670636
102.552,0.0754872
102.669,0.0810519
102.7,0.0849954
102.724,0.0912617
102.754,0.104859
102.777,0.122092
102.801,0.147078
102.824,0.181922
102.848,0.23052
102.874,0.300552
102.903,0.402023
102.933,0.542243
102.97,0.752527
103.024,1.13936
103.101,1.71075
103.147,1.96478
103.192,2.07428
103.2,2.07665
103.245,1.99394
103.294,1.74543
103.423,0.794166
103.461,0.565474
103.493,0.414833
103.52,0.312822
103.547,0.23352
103.57,0.181209
103.593,0.140839
103.616,0.11018
103.64,0.0871973
103.661,0.071053
103.687,0.0568554
103.713,0.0467592
103.744,0.0385392
103.778,0.0322036
103.817,0.0274995
103.871,0.0232638
103.933,0.0202489
103.995,0.0183512
104.062,0.0171512
104.133,0.0166992
104.196,0.017164
104.249,0.018661
104.289,0.0210381
104.323,0.0244492
104.35,0.028615
104.376,0.0345921
104.404,0.0432491
104.429,0.0539698
104.454,0.0680689
104.483,0.0896073
104.512,0.117387
104.545,0.157102
104.593,0.229225
104.69,0.392655
104.743,0.454972
104.788,0.474904
104.79,0.474935
104.833,0.458691
104.88,0.407402
104.963,0.27123
105.017,0.18606
105.054,0.137325
105.086,0.104988
105.114,0.0827444
105.141,0.0658209
105.169,0.053424
105.197,0.0446963
105.229,0.0380731
105.263,0.0340957
105.297,0.0322565
105.32,0.0318743
105.366,0.0325539
105.423,0.0354889
105.48,0.0407723
105.527,0.0473399
105.567,0.0559204
105.604,0.0675881
105.635,0.082338
105.663,0.100788
105.69,0.126785
105.714,0.157379
105.738,0.198197
105.763,0.256273
105.788,0.33327
105.813,0.433451
105.839,0.56455
105.868,0.748256
105.903,1.03649
105.949,1.49613
106.072,2.936
106.128,3.38704
106.178,3.55298
106.19,3.55725
106.246,3.41573
106.316,2.96796
106.521,1.26847
106.577,0.879199
106.621,0.627208
106.655,0.467362
106.689,0.345408
106.718,0.2621
106.747,0.198266
106.775,0.153422
106.802,0.120248
106.829,0.0957483
106.856,0.0778291
106.887,0.0632214
106.919,0.0526379
106.956,0.0443999
106.993,0.0387938
107.042,0.0339073
107.091,0.0310996
107.129,0.0302182
107.167,0.0306821
107.205,0.0329192
107.244,0.0375702
107.277,0.0441527
107.31,0.0536603
107.343,0.0665029
107.385,0.0877368
107.449,0.128975
107.529,0.180778
107.576,0.200984
107.617,0.207305
107.664,0.199818
107.708,0.180067
107.785,0.128562
107.851,0.0841824
107.892,0.0619773
107.928,0.046287
107.961,0.0354444
107.991,0.0282028
108.02,0.0228235
108.049,0.0189149
108.085,0.0156669
108.126,0.0132384
108.168,0.0117085
108.223,0.0105105
108.296,0.00963931
108.407,0.00903883
108.502,0.00889258
108.619,0.00906436
108.766,0.00982771
108.883,0.0110084
108.985,0.0126846
109.074,0.0149356
109.148,0.0178606
109.199,0.0210173
109.238,0.0244784
109.274,0.0292538
109.305,0.0352341
109.33,0.0422306
109.356,0.0518381
109.383,0.0654669
109.409,0.0836075
109.434,0.108042
109.46,0.140418
109.486,0.182465
109.513,0.239257
109.546,0.327153
109.583,0.450244
109.632,0.656342
109.753,1.2112
109.814,1.40991
109.872,1.49719
109.9,1.50666
109.977,1.44876
110.066,1.26851
110.147,1.01507
110.286,0.483017
110.33,0.344795
110.364,0.256398
110.395,0.19339
110.426,0.144374
110.454,0.110737
110.481,0.0853839
110.506,0.0684942
110.533,0.0548078
110.56,0.0449633
110.587,0.0379857
110.614,0.0331294
110.646,0.0293637
110.675,0.0274817
110.71,0.0267391
110.746,0.0277707
110.781,0.030866
110.813,0.0357779
110.846,0.0433929
110.878,0.0540723
110.915,0.0704024
110.96,0.0961373
111.093,0.185698
111.154,0.214447
111.277,0.244068
111.32,0.265747
111.361,0.302906
111.401,0.358152
111.457,0.463534
111.541,0.636764
111.589,0.700535
111.627,0.718063
111.673,0.693212
111.717,0.625801
111.789,0.460904
111.862,0.284774
111.905,0.202222
111.937,0.15234
111.969,0.113196
111.996,0.0873512
112.024,0.0675735
112.051,0.0527769
112.075,0.0433622
112.103,0.0348313
112.132,0.0288431
112.16,0.0247207
112.195,0.0215657
112.229,0.0198882
112.259,0.0194503
112.29,0.0200034
112.321,0.0217219
112.348,0.0243567
112.376,0.028656
112.405,0.0347957
112.438,0.0444827
112.471,0.0573756
112.51,0.077162
112.567,0.112684
112.653,0.168944
112.707,0.192712
112.752,0.19937
112.799,0.192068
112.855,0.1686
112.95,0.117074
112.991,0.101584
113.017,0.0958641
113.052,0.0931524
113.094,0.0972507
113.165,0.115145
113.234,0.131997
113.278,0.135616
113.326,0.13117
113.381,0.116527
113.47,0.0871083
113.501,0.0800934
113.532,0.076456
113.549,0.0764106
113.583,0.0806695
113.616,0.0910955
113.65,0.107677
113.697,0.140272
113.815,0.238015
113.867,0.266226
113.91,0.274016
113.953,0.265543
114.005,0.236711
114.087,0.165957
114.152,0.110851
114.196,0.0801513
114.232,0.06093
114.263,0.0479022
114.294,0.0380212
114.325,0.0307906
114.358,0.0253673
114.393,0.0217703
114.421,0.0200063
114.462,0.0188003
114.473,0.018731
114.508,0.019167
114.542,0.0206302
114.576,0.0233436
114.61,0.0277162
114.639,0.0330587
114.669,0.0409919
114.701,0.0524262
114.733,0.0678439
114.767,0.0894082
114.803,0.119149
114.85,0.167493
114.976,0.32104
115.028,0.365229
115.078,0.381851
115.08,0.381885
115.124,0.370099
115.177,0.329145
115.314,0.169961
115.353,0.134084
115.386,0.111265
115.414,0.0982407
115.437,0.0920001
115.461,0.0897353
115.484,0.0913127
115.511,0.0978955
115.543,0.111256
115.587,0.137201
115.693,0.210182
115.743,0.232276
115.78,0.237389
115.831,0.227865
115.887,0.198773
115.98,0.137897
116.014,0.121236
116.05,0.111374
116.07,0.109768
116.104,0.113825
116.137,0.126557
116.179,0.152721
116.251,0.216171
116.322,0.275834
116.37,0.299333
116.397,0.303286
116.445,0.292372
116.499,0.255947
116.638,0.119293
116.681,0.085441
116.712,0.0650539
116.744,0.0489076
116.774,0.0370877
116.803,0.0284938
116.832,0.0221142
116.861,0.0174618
116.887,0.0143595
116.916,0.0119011
116.951,0.00984432
116.985,0.00844379
117.031,0.0072155
117.08,0.00640289
117.122,0.00596272
117.186,0.00568711
117.193,0.00568636
117.235,0.00583158
117.277,0.00628765
117.318,0.00710535
117.363,0.00851024
117.407,0.0104971
117.471,0.0141688
117.565,0.0199682
117.617,0.0220614
117.66,0.0226517
117.711,0.0218662
117.77,0.0192292
117.888,0.0122854
117.933,0.0104133
117.969,0.00965559
117.982,0.00957853
118.009,0.00983759
118.036,0.0107626
118.056,0.0119993
118.081,0.0143171
118.104,0.0174786
118.127,0.0218095
118.15,0.0275448
118.174,0.0349305
118.201,0.0462956
118.234,0.0631636
118.269,0.0867771
118.315,0.123991
118.412,0.211903
118.466,0.247366
118.514,0.260276
118.52,0.26043
118.563,0.252003
118.605,0.228543
118.675,0.169932
118.751,0.102225
118.791,0.0726531
118.825,0.05296
118.853,0.0400025
118.88,0.0301257
118.905,0.0230946
118.928,0.0181978
118.951,0.01447
118.974,0.0116818
118.998,0.00962986
119.021,0.00810474
119.051,0.00681008
119.081,0.00599332
119.111,0.00549659
119.15,0.00515835
119.186,0.00506835
119.232,0.00518002
119.278,0.00556211
119.324,0.00631674
119.362,0.00737613
119.393,0.00863295
119.423,0.0103534
119.455,0.0128922
119.488,0.0163269
119.524,0.0214216
119.56,0.0280872
119.601,0.0376518
119.643,0.0503531
119.69,0.0678039
119.739,0.0907137
119.788,0.119922
119.837,0.157563
119.891,0.209908
120.029,0.372679
120.086,0.415226
120.121,0.423077
120.171,0.40608
120.223,0.356166
120.316,0.22515
120.373,0.148115
120.413,0.10507
120.446,0.0764023
120.474,0.0573835
120.502,0.0428936
120.526,0.0330017
120.55,0.0254444
120.575,0.0197752
120.599,0.0155896
120.625,0.0124789
120.648,0.0103855
120.676,0.00860384
120.704,0.00738073
120.741,0.00631264
120.787,0.00551138
120.843,0.00496072
120.918,0.00456706
121.009,0.00436254
121.039,0.00434163
121.142,0.00442129
121.244,0.00475708
121.327,0.00533417
121.388,0.00610755
121.434,0.00708173
121.472,0.00834745
121.502,0.00981831
121.536,0.0121756
121.566,0.0151194
121.597,0.0191069
121.627,0.0243856
121.661,0.0321504
121.698,0.0428025
121.746,0.0604824
121.88,0.119409
121.93,0.134786
121.98,0.140976
121.985,0.14101
122.038,0.135343
122.103,0.116242
122.19,0.0865306
122.23,0.07827
122.259,0.0761907
122.292,0.0790576
122.325,0.0881441
122.358,0.103662
122.394,0.129189
122.438,0.169123
122.567,0.307227
122.619,0.344114
122.664,0.354912
122.717,0.341476
122.789,0.290415
122.86,0.237018
122.902,0.220452
122.913,0.219237
122.949,0.225905
122.98,0.245805
123.015,0.284927
123.059,0.357053
123.183,0.611077
123.238,0.685369
123.278,0.703557
123.328,0.676172
123.383,0.591689
123.524,0.277069
123.565,0.201509
123.601,0.147649
123.634,0.109966
123.662,0.0841747
123.691,0.064407
123.72,0.0495865
123.749,0.0387325
123.777,0.0308702
123.805,0.0251715
123.838,0.0204777
123.867,0.0176275
123.905,0.0149324
123.953,0.0127055
124.001,0.0112527
124.059,0.0101162
124.117,0.00941383
124.2,0.00897475
124.214,0.00896541
124.281,0.00921832
124.33,0.00981735
124.378,0.0109913
124.418,0.012684
124.451,0.01476
124.483,0.0177588
124.515,0.0220538
124.545,0.0273092
124.578,0.0353819
124.611,0.0461092
124.649,0.0622469
124.691,0.0845171
124.753,0.125389
124.849,0.191184
124.902,0.215746
124.95,0.223494
125.0,0.21539
125.057,0.188523
125.194,0.0963399
125.24,0.0717635
125.278,0.0563974
125.312,0.0472335
125.337,0.0429353
125.366,0.0407298
125.374,0.0406618
125.391,0.0413217
125.417,0.0444232
125.443,0.0501732
125.469,0.058724
125.499,0.072582
125.534,0.0937522
125.578,0.128371
125.674,0.220532
125.74,0.276938
125.788,0.301351
125.82,0.306216
125.867,0.296279
125.922,0.261803
126.048,0.152282
126.091,0.124343
126.122,0.111736
126.155,0.105163
126.166,0.104553
126.204,0.108206
126.246,0.120551
126.362,0.171454
126.417,0.184337
126.435,0.185282
126.483,0.178757
126.53,0.161084
126.604,0.118677
126.678,0.0744715
126.721,0.0533177
126.758,0.0390325
126.79,0.0295965
126.816,0.0235414
126.842,0.0189246
126.869,0.0155352
126.897,0.013032
126.922,0.0116384
126.947,0.0108961
126.966,0.0107194
126.995,0.0110307
127.025,0.0120705
127.059,0.0142311
127.094,0.0174793
127.133,0.0226025
127.177,0.0299123
127.253,0.0457965
127.331,0.0618738
127.387,0.0695181
127.442,0.0722168
127.448,0.0722188
127.577,0.0672003
127.621,0.0690334
127.662,0.0756921
127.703,0.0883736
127.748,0.10947
127.815,0.152134
127.898,0.20507
127.95,0.225884
127.989,0.23074
128.04,0.221736
128.092,0.196639
128.189,0.127979
128.251,0.0857285
128.292,0.0632489
128.329,0.0465848
128.362,0.0354984
128.392,0.0274789
128.42,0.0217465
128.449,0.017396
128.477,0.014141
128.51,0.0113939
128.544,0.00942019
128.579,0.00800368
128.62,0.00690745
128.67,0.00602192
128.731,0.00537069
128.812,0.0048916
128.893,0.00469351
128.935,0.00468712
129.007,0.00485808
129.055,0.00516505
129.103,0.00574568
129.141,0.00650641
129.174,0.0075305
129.206,0.00903797
129.239,0.0112191
129.269,0.0139487
129.301,0.0180691
129.334,0.0235826
129.369,0.0310825
129.406,0.0413607
129.46,0.059832
129.57,0.101913
129.622,0.116525
129.674,0.122676
129.68,0.122747
129.731,0.118136
129.79,0.102535
129.929,0.0515312
129.97,0.0391217
130.005,0.0309266
130.037,0.0249791
130.068,0.0208952
130.094,0.0185404
130.129,0.016718
130.156,0.0163065
130.188,0.0168844
130.223,0.0189471
130.252,0.0219709
130.281,0.026414
130.311,0.0325628
130.344,0.0419272
130.376,0.0543263
130.412,0.0716017
130.458,0.0998005
130.523,0.149485
130.616,0.223157
130.669,0.25217
130.723,0.263435
130.726,0.263448
130.775,0.255046
130.844,0.221593
130.932,0.17324
130.976,0.15989
130.998,0.157869
131.033,0.161884
131.071,0.176758
131.123,0.210982
131.238,0.303917
131.294,0.328475
131.317,0.330831
131.368,0.318321
131.425,0.278985
131.571,0.131939
131.616,0.0948482
131.654,0.0705554
131.686,0.0550965
131.715,0.0445206
131.742,0.0373951
131.768,0.0325037
131.788,0.0301296
131.821,0.028342
131.832,0.0282464
131.859,0.0290289
131.899,0.0324599
131.946,0.0392106
132.089,0.0661629
132.145,0.0729517
132.191,0.0747286
132.257,0.0718536
132.345,0.0650861
132.366,0.0645756
132.4,0.065791
132.438,0.0709344
132.479,0.0817284
132.528,0.101847
132.655,0.167706
132.712,0.186619
132.748,0.190385
132.795,0.184388
132.844,0.165958
132.924,0.120654
132.994,0.0800919
133.036,0.0601396
133.073,0.0467644
133.105,0.0383482
133.133,0.0336198
133.16,0.0312119
133.177,0.0309059
133.201,0.0320895
133.226,0.035371
133.25,0.0409453
133.275,0.0490542
133.303,0.0616807
133.333,0.0802211
133.368,0.107277
133.41,0.149181
133.481,0.23561
133.562,0.333633
133.612,0.374922
133.66,0.388743
133.709,0.374467
133.761,0.331415
133.86,0.211358
133.919,0.142477
133.959,0.105268
133.995,0.0793835
134.026,0.0621075
134.055,0.049713
134.085,0.0408446
134.117,0.0347534
134.143,0.0315882
134.17,0.029972
134.188,0.0296351
134.224,0.0305539
134.259,0.0335665
134.295,0.0389832
134.326,0.0462757
134.356,0.0561717
134.385,0.0697955
134.414,0.0884289
134.444,0.113508
134.474,0.148214
134.506,0.194863
134.54,0.260531
134.577,0.351781
134.622,0.486939
134.759,0.974402
134.815,1.11601
134.869,1.17154
134.874,1.17193
134.925,1.13002
134.981,1.00845
135.084,0.714152
135.134,0.613575
135.178,0.569321
135.204,0.564161
135.243,0.583542
135.311,0.668523
135.396,0.776357
135.439,0.795599
135.488,0.772996
135.539,0.699893
135.613,0.535286
135.699,0.330883
135.748,0.237887
135.785,0.18156
135.819,0.143518
135.846,0.121892
135.87,0.107907
135.897,0.0985182
135.92,0.0957474
135.944,0.0979625
135.965,0.10454
135.992,0.119414
136.018,0.142583
136.045,0.175235
136.071,0.218672
136.103,0.286769
136.141,0.390708
136.183,0.54156
136.254,0.848283
136.331,1.19025
136.386,1.36114
136.438,1.42124
136.44,1.42133
136.489,1.36906
136.541,1.2172
136.631,0.824653
136.696,0.544052
136.738,0.395463
136.772,0.303524
136.805,0.232744
136.836,0.183616
136.867,0.150012
136.897,0.127675
136.925,0.114699
136.965,0.105546
137.019,0.10256
137.124,0.103793
137.163,0.103726
137.23,0.105838
137.275,0.112153
137.311,0.122018
137.359,0.142652
137.424,0.182891
137.516,0.244507
137.576,0.268668
137.606,0.272024
137.659,0.261963
137.719,0.228672
137.863,0.113045
137.908,0.0832365
137.946,0.0630076
137.98,0.0495453
138.012,0.039706
138.044,0.0325928
138.076,0.0277751
138.103,0.0252394
138.124,0.0240578
138.156,0.023575
138.187,0.0245529
138.218,0.0271332
138.25,0.0316496
138.277,0.0376084
138.304,0.0459495
138.332,0.0572744
138.359,0.0722696
138.391,0.0950047
138.423,0.124825
138.461,0.170912
138.506,0.241125
138.572,0.367326
138.657,0.533376
138.716,0.614785
138.768,0.640635
138.77,0.640665
138.819,0.618059
138.876,0.544194
138.976,0.348705
139.039,0.230072
139.082,0.166054
139.116,0.12455
139.15,0.092856
139.18,0.0709197
139.209,0.0546956
139.236,0.0435834
139.262,0.0351914
139.288,0.0289636
139.315,0.0244331
139.341,0.0212291
139.372,0.0188048
139.401,0.0175763
139.426,0.017248
139.46,0.0178329
139.489,0.0193881
139.518,0.0220809
139.548,0.026271
139.578,0.0321776
139.613,0.0416138
139.648,0.0541295
139.689,0.0727956
139.748,0.106886
139.851,0.170656
139.909,0.196066
139.963,0.205009
139.966,0.205057
140.02,0.197859
140.099,0.16851
140.172,0.140189
140.223,0.129235
140.245,0.127822
140.288,0.130903
140.36,0.148468
140.445,0.170801
140.492,0.174884
140.544,0.168799
140.597,0.151212
140.69,0.105494
140.76,0.0714788
140.799,0.0564059
140.835,0.0457639
140.864,0.0397672
140.892,0.0361721
140.924,0.0346952
140.943,0.0352321
140.969,0.037696
140.995,0.0423071
141.024,0.0502895
141.052,0.0616785
141.085,0.0792366
141.117,0.102348
141.151,0.134211
141.191,0.182412
141.236,0.250159
141.304,0.377537
141.399,0.563645
141.458,0.64273
141.51,0.667599
141.563,0.642401
141.617,0.568784
141.704,0.393167
141.773,0.253548
141.818,0.177555
141.855,0.129283
141.888,0.0948618
141.918,0.0707071
141.946,0.0539731
141.971,0.041933
141.996,0.0327222
142.022,0.0257753
142.047,0.0205971
142.073,0.0167703
142.101,0.0137031
142.128,0.0115624
142.16,0.00984049
142.199,0.00840558
142.238,0.00747345
142.27,0.00696301
142.333,0.00637344
142.367,0.00626474
142.419,0.00644807
142.453,0.00690621
142.488,0.00782025
142.519,0.00913136
142.549,0.0111346
142.577,0.0137371
142.604,0.0173252
142.632,0.0221468
142.662,0.0292659
142.691,0.0381614
142.725,0.0512055
142.766,0.0714042
142.823,0.10564
142.926,0.17426
142.983,0.201268
143.034,0.211023
143.039,0.21111
143.091,0.202944
143.142,0.180579
143.229,0.123945
143.298,0.0796064
143.34,0.0571476
143.377,0.0412259
143.407,0.0312069
143.437,0.0233828
143.463,0.0181657
143.49,0.0139831
143.518,0.0108601
143.545,0.00857084
143.572,0.00691885
143.595,0.00586729
143.622,0.00499778
143.656,0.00426287
143.695,0.00373483
143.75,0.00330914
143.823,0.00303341
143.933,0.00289002
143.97,0.00288586
144.075,0.00298581
144.146,0.00317631
144.216,0.00355687
144.265,0.00404424
144.308,0.00472664
144.343,0.0055925
144.378,0.00685692
144.409,0.00846483
144.441,0.0106585
144.473,0.0135868
144.508,0.0178796
144.547,0.0240524
144.589,0.0326255
144.648,0.0475023
144.758,0.0775561
144.818,0.0893352
144.874,0.0938255
144.883,0.0939121
144.94,0.090786
145.067,0.0754439
145.106,0.0740998
145.155,0.0776816
145.2,0.0865539
145.266,0.107065
145.351,0.135292
145.407,0.146382
145.435,0.147869
145.486,0.14288
145.539,0.128202
145.621,0.0938732
145.7,0.0595658
145.743,0.0439283
145.781,0.0332563
145.816,0.0256855
145.845,0.0209791
145.874,0.0176169
145.897,0.015825
145.92,0.0147867
145.943,0.0144802
145.967,0.0149054
145.994,0.0164167
146.022,0.0190962
146.05,0.0230551
146.078,0.0284184
146.111,0.0368621
146.151,0.0496903
146.197,0.068769
146.328,0.130822
146.386,0.14993
146.438,0.156426
146.44,0.156434
146.49,0.15102
146.543,0.134714
146.633,0.0929556
146.703,0.0604738
146.747,0.044149
146.786,0.0327598
146.82,0.0251554
146.851,0.0199277
146.878,0.0165082
146.906,0.0139213
146.936,0.0119721
146.974,0.0104818
147.02,0.00965893
147.05,0.00950869
147.111,0.00983364
147.184,0.0110295
147.256,0.0130556
147.314,0.0156143
147.357,0.0184812
147.397,0.0223592
147.433,0.0274049
147.464,0.0334841
147.495,0.04186
147.526,0.0533743
147.555,0.0678698
147.586,0.0885717
147.616,0.115938
147.65,0.154548
147.684,0.206085
147.726,0.285862
147.776,0.40323
147.918,0.795695
147.974,0.902248
148.029,0.941027
148.03,0.941034
148.078,0.91276
148.129,0.826141
148.208,0.619813
148.295,0.379664
148.344,0.269144
148.385,0.197751
148.418,0.15262
148.452,0.118383
148.482,0.0959342
148.508,0.0814925
148.538,0.0705045
148.568,0.0647196
148.591,0.0635357
148.618,0.0655277
148.646,0.0718919
148.675,0.0830324
148.703,0.0995811
148.732,0.122323
148.763,0.155205
148.8,0.205497
148.842,0.281428
148.894,0.3972
149.02,0.721177
149.076,0.827113
149.131,0.871855
149.139,0.872701
149.19,0.842947
149.249,0.741842
149.349,0.487426
149.417,0.317981
149.46,0.232006
149.497,0.171648
149.532,0.127265
149.562,0.0973386
149.593,0.074291
149.623,0.0569033
149.65,0.0453383
149.678,0.0360564
149.707,0.0291661
149.74,0.0233527
149.773,0.0192417
149.812,0.0158858
149.858,0.0132414
149.915,0.0111021
149.98,0.00956869
150.0,0.00923235
150.0,0.22114
162.5,0.20561
175.0,0.19074
187.5,0.17718
200.0,0.16558
225.0,0.14958
250.0,0.14135
275.0,0.1382
325.0,0.13673
350.0,0.13569
375.0,0.13425
400.0,0.1324
475.0,0.12448
550.0,0.11436
625.0,0.10389
700.0,0.094881
775.0,0.08871
850.0,0.084919
925.0,0.08259
1000.0,0.080806
1195.53,0.0747297
1250.0,0.073037
1494.41,0.0634433
1750.0,0.053411
2000.0,0.045689
2250.0,0.041566
2500.0,0.040338
2750.0,0.040751
3000.0,0.041547
3500.0,0.041162
4000.0,0.038591
4500.0,0.035135
5000.0,0.032095
5500.0,0.030459
6000.0,0.029965
7000.0,0.030102
7750.0,0.029321
8500.0,0.027649
10000.0,0.023315
11955.3,0.0193708
12500.0,0.018272
14944.1,0.0162913
15000.0,0.016246
17500.0,0.016128
20000.0,0.016812
23910.6,0.0173063
27500.0,0.01776
32877.1,0.0172022
35000.0,0.016982
40000.0,0.015992
40000.0,0.0159915
50000.0,0.0143212
55000.0,0.0141311
67500.0,0.0150305
81250.0,0.01591
92500.0,0.016074
115000.0,0.0156901
125000.0,0.0161141
145000.0,0.017699
162500.0,0.0188435
180000.0,0.0207329
200000.0,0.0212562
225000.0,0.0247099
245000.0,0.0268511
275000.0,0.0315089
312500.0,0.0357081
362500.0,0.0449001
393750.0,0.052801
425000.0,0.0641611
493750.0,0.095467
537500.0,0.12229
581250.0,0.155435
606250.0,0.182985
637500.0,0.2307
687500.0,0.324771
725000.0,0.412262
756250.0,0.511315
800000.0,0.670547
862500.0,0.838692
912500.0,1.0076
1050000.0,1.3931
1175000.0,1.60945
1300000.0,1.7401
1575000.0,1.85785
1600000.0,1.8591
1850000.0,1.8403
2500000.0,1.8987
3567740.0,1.83871
4500000.0,1.7987
5750000.0,1.6973
6125000.0,1.7403
6375000.0,1.8334
6625000.0,1.9898
7000000.0,2.2857
7375000.0,2.42355
7750000.0,2.4473
8500000.0,2.416
1.0E7,2.4381
1.15E7,2.3737
1.275E7,2.4353
1.45E7,2.6034
1.5E7,2.6112
1.75E7,2.4752
1.975E7,2.33265
2.0E7,2.3292
2.4E7,2.5112
2.7E7,2.5313
3.0E7,2.5024
