96-Cm-245(n,total fission) ENDF/B-VII.1
1.0E-5,124549.0
1.31241E-5,108717.0
1.70876E-5,95274.5
2.2426E-5,83162.5
2.91987E-5,72878.4
3.83206E-5,63611.0
4.98935E-5,55742.9
6.54808E-5,48652.5
8.52562E-5,42632.8
1.11891E-4,37206.8
1.45682E-4,32599.0
1.91195E-4,28447.0
2.48937E-4,24919.9
3.26707E-4,21739.3
4.25373E-4,19038.0
5.58264E-4,16601.5
7.26861E-4,14531.9
9.53941E-4,12663.4
0.00124203,11073.7
0.00163006,9638.27
0.00212234,8416.05
0.00278538,7310.17
0.00362657,6367.49
0.00475955,5523.13
0.00649986,4665.54
0.00885724,3928.7
0.012142,3278.92
0.0158747,2785.19
0.0207477,2357.89
0.024383,2117.04
0.0253,2063.28
0.033204,1698.9
0.0432317,1387.73
0.0542112,1154.74
0.0678316,945.481
0.0847058,765.366
0.101268,639.79
0.121069,533.866
0.138572,461.979
0.165666,382.178
0.198059,317.639
0.236786,267.768
0.270479,240.021
0.308296,218.089
0.368577,198.537
0.440644,189.289
0.47016,188.681
0.588332,196.674
0.744489,211.959
0.774032,212.623
0.857597,207.211
0.976614,181.748
1.16653,129.233
1.2731,107.899
1.36278,96.6621
1.43559,91.9873
1.47252,91.2536
1.5411,93.5405
1.60968,101.678
1.66119,113.691
1.71271,133.426
1.75202,157.252
1.7868,188.331
1.82159,233.38
1.85506,295.233
1.88876,379.412
1.94164,528.544
1.96904,572.057
1.9789,575.459
2.00192,555.877
2.03151,487.345
2.08659,334.056
2.11706,270.811
2.14476,229.632
2.178,196.801
2.20016,182.677
2.23347,170.445
2.26678,166.927
2.31925,175.173
2.40003,202.79
2.43668,207.82
2.46999,202.012
2.51996,176.679
2.60324,123.891
2.65279,100.046
2.70234,82.8741
2.75814,69.5494
2.8206,59.695
2.88306,53.275
2.96634,48.0553
3.04963,45.2728
3.16622,44.0197
3.28281,44.9999
3.43272,49.0757
3.56732,55.7
3.70836,66.7247
3.82981,81.2522
3.93553,100.019
4.02549,123.141
4.10421,151.893
4.17619,189.06
4.23916,234.738
4.29539,291.287
4.34937,366.464
4.4011,466.64
4.44609,585.032
4.49264,746.83
4.55315,1018.73
4.62062,1331.97
4.64761,1414.34
4.6782,1448.9
4.71599,1394.4
4.76457,1202.51
4.84959,793.181
4.90042,602.481
4.9454,476.217
4.99488,374.212
5.04212,303.353
5.09243,248.005
5.15045,202.147
5.20848,169.649
5.27617,143.481
5.34386,126.597
5.42509,116.041
5.47924,114.352
5.55884,119.472
5.69801,139.527
5.73267,140.78
5.77166,137.745
5.83664,123.241
5.96282,86.6781
6.04053,70.5472
6.11824,59.7849
6.19947,52.5836
6.28069,48.172
6.39441,45.1966
6.45398,44.801
6.55958,45.8555
6.64893,48.5875
6.75724,54.7216
6.83489,61.789
6.91713,72.8579
6.98762,86.8161
7.05582,106.728
7.11227,130.807
7.16307,161.919
7.20753,200.72
7.24846,251.397
7.28303,311.251
7.31408,384.603
7.34372,478.947
7.37476,611.734
7.41004,812.899
7.48258,1311.29
7.51194,1436.67
7.52898,1458.36
7.5571,1402.66
7.58701,1241.72
7.65701,757.611
7.68806,589.16
7.71981,459.352
7.74874,371.829
7.78261,296.859
7.81792,240.916
7.8576,196.283
7.90295,160.85
7.95298,134.2
8.003,116.173
8.06303,102.285
8.12973,93.8895
8.19643,91.2098
8.26647,93.8604
8.33651,102.092
8.42322,120.248
8.58063,163.545
8.6516,171.293
8.65213,171.294
8.70336,167.48
8.85944,135.878
8.9088,132.52
8.9471,135.96
8.99255,149.456
9.03799,174.876
9.11033,223.444
9.14533,231.592
9.16867,226.31
9.206,201.925
9.28855,127.847
9.32793,101.504
9.36293,84.5626
9.40231,71.0507
9.4502,60.0107
9.50985,51.4596
9.57801,45.9916
9.6593,43.3207
9.6864,43.1704
9.76227,44.6099
9.83814,49.0777
9.90317,55.9951
9.9682,66.757
10.0365,83.28
10.1676,124.936
10.211,134.39
10.2465,137.083
10.2934,132.557
10.3584,114.462
10.4689,77.3307
10.5323,61.3144
10.5914,50.4956
10.6578,42.0295
10.7296,36.0437
10.8028,32.3706
10.8759,30.5947
10.9111,30.3493
10.9762,30.9763
11.0304,32.7435
11.0846,36.0168
11.1388,41.4892
11.1872,49.3182
11.2266,59.001
11.2628,72.1104
11.2939,88.325
11.3232,109.984
11.3509,138.35
11.3802,179.553
11.4109,236.093
11.4675,355.804
11.4942,396.204
11.5194,409.934
11.5458,394.545
11.5729,351.954
11.6443,202.441
11.6742,153.629
11.7018,119.907
11.7306,94.3009
11.7588,76.1555
11.7921,60.7875
11.8284,49.051
11.8698,39.6547
11.9158,32.3665
11.971,26.317
12.0355,21.5089
12.1091,17.7807
12.1897,14.996
12.2863,12.7131
12.4134,10.7516
12.5528,9.39527
12.7388,8.35166
12.9371,7.88091
13.0032,7.85222
13.1558,8.06439
13.2702,8.56125
13.3808,9.48987
13.4775,10.9424
13.5525,12.8279
13.6033,14.7695
13.6542,17.6146
13.6987,21.3153
13.7356,25.7679
13.7712,31.9335
13.8017,39.364
13.8322,49.4913
13.8665,64.7296
13.9512,111.021
13.9837,121.368
13.9998,122.7
14.0264,118.889
14.061,104.66
14.1367,62.8616
14.1716,47.9548
14.2021,38.3486
14.2339,31.0944
14.2695,25.384
14.3077,21.169
14.3458,18.237
14.3967,15.591
14.4475,13.8584
14.5229,12.3061
14.5963,11.516
14.6942,11.1584
14.8243,11.5791
14.949,12.8805
15.0574,14.9047
15.1455,17.4371
15.2308,21.0482
15.3081,25.8236
15.3745,31.6792
15.4382,39.5586
15.4992,50.0462
15.5637,65.2293
15.6526,92.8617
15.7263,115.359
15.7696,123.289
15.7991,124.919
15.8477,120.355
15.9155,102.425
16.0277,66.4568
16.0873,51.6952
16.1483,40.4494
16.2093,32.2871
16.2743,26.0129
16.3421,21.3098
16.418,17.5274
16.5128,14.2292
16.6077,11.9436
16.7188,10.0737
16.8679,8.406
17.0359,7.21016
17.2527,6.27549
17.4696,5.73988
17.7948,5.36588
18.0116,5.30611
18.3694,5.45588
18.7176,5.87449
19.0775,6.63975
19.4051,7.75202
19.6672,9.08864
19.8966,10.7833
20.1177,13.172
20.2897,15.8925
20.4426,19.355
20.5791,23.8216
20.6883,28.9146
20.7838,35.1421
20.8685,42.8114
20.9449,52.4181
21.0159,64.8067
21.0814,80.6729
21.1442,101.648
21.2056,129.537
21.2774,172.811
21.397,254.452
21.4407,273.829
21.4813,280.226
21.5193,274.827
21.5848,244.159
21.7172,158.845
21.7862,125.484
21.8537,102.753
21.9211,87.4363
21.9982,76.057
22.0945,67.3878
22.2583,58.9568
22.7624,37.9461
22.9434,32.5408
23.1012,29.6614
23.2589,28.3944
23.3115,28.3175
23.4873,29.3099
23.6631,32.3105
23.818,36.8183
24.006,44.8587
24.3822,66.5515
24.5026,75.8587
24.5556,83.1661
24.5965,92.8743
24.6292,105.754
24.6578,123.271
24.6848,147.462
24.7143,184.428
24.7535,250.38
24.8075,347.445
24.8401,383.271
24.8593,388.848
24.8863,375.097
24.9161,334.71
24.9958,184.515
25.0254,141.086
25.0535,110.533
25.079,90.552
25.1082,74.5047
25.1374,63.4114
25.1761,53.4124
25.2243,45.184
25.2805,38.7065
25.3535,32.9141
25.4557,27.4121
25.5671,23.3108
25.6994,19.93
25.847,17.393
25.9682,16.0511
26.0975,15.3176
26.146,15.2594
26.2671,15.8833
26.3338,17.0017
26.3994,19.1806
26.4429,21.7098
26.4833,25.4669
26.5186,30.5682
26.5489,36.9447
26.5812,46.4456
26.6166,60.4291
26.7034,101.81
26.739,112.092
26.7594,113.804
26.7891,110.248
26.8246,97.9671
26.9095,57.1375
26.9428,44.4662
26.9731,35.8405
27.0034,29.6199
27.0387,24.664
27.0791,21.0604
27.1236,18.6959
27.1721,17.3341
27.2218,16.911
27.2673,17.3724
27.3126,18.9208
27.3463,21.1601
27.3799,24.8557
27.4093,29.7752
27.442,37.5834
27.479,49.3458
27.5462,72.7444
27.5758,79.2219
27.5995,80.9239
27.6323,77.6035
27.6672,68.0654
27.7428,41.1737
27.7756,32.0296
27.805,25.9677
27.8344,21.6703
27.8638,18.7107
27.9,16.3194
27.9327,14.9108
27.9764,13.7077
28.047,12.6719
28.1176,12.243
28.1646,12.1635
28.2784,12.4451
28.4319,13.7247
28.5508,15.5455
28.6498,17.8945
28.7311,20.7221
28.8074,24.606
28.8728,29.5584
28.9233,35.1701
28.9629,41.4086
29.0026,50.2803
29.0372,61.3861
29.069,75.4864
29.1002,94.1481
29.1378,123.814
29.2483,232.294
29.3006,267.427
29.4248,323.88
29.4869,350.319
29.5024,351.545
29.5386,340.971
29.5728,313.564
29.6433,226.025
29.6941,164.804
29.7304,130.81
29.7692,104.151
29.8055,86.5768
29.8454,73.234
29.8975,61.9335
29.958,53.7578
30.0539,45.8757
30.2437,35.7109
30.4301,28.1434
30.5754,24.1889
30.7243,21.9216
30.8732,21.2534
31.0104,21.9698
31.1476,24.0479
31.2987,28.1654
31.4778,35.6113
31.6523,43.4574
31.7817,46.3687
31.7992,46.4347
31.9002,45.2728
32.2308,34.3158
32.3407,32.2175
32.4506,31.5588
32.5772,32.5283
32.7589,36.6086
33.0011,43.0099
33.1625,44.364
33.3631,44.0709
33.5387,45.9267
33.91,54.9083
34.2613,57.9625
34.5972,65.7289
34.8792,68.4054
35.1641,76.5167
35.2199,77.0557
35.3273,75.3929
35.5443,67.7619
35.5636,67.6129
35.6227,68.7765
35.6839,73.7956
35.7451,84.2665
35.833,107.968
35.9828,152.553
36.0427,178.574
36.1618,246.232
36.2083,260.248
36.2238,261.258
36.2641,254.359
36.3184,226.055
36.4463,132.175
36.4965,103.694
36.542,84.318
36.5951,68.023
36.6542,55.6273
36.7149,47.1046
36.7876,40.4469
36.8737,35.674
36.9768,32.4882
37.5105,24.3462
37.677,22.8899
38.0054,21.8952
38.2512,19.1745
38.4307,17.2141
38.5956,16.3761
38.6506,16.3353
38.7936,16.853
38.8889,17.8293
38.9842,19.6393
39.0551,22.0113
39.1132,25.2823
39.1596,29.4661
39.206,35.8028
39.2545,45.2474
39.3525,68.7268
39.3981,75.808
39.4267,77.2305
39.4605,75.653
39.5068,68.9875
39.5971,52.5788
39.6392,47.5065
39.6856,44.6482
39.7199,44.0975
39.7886,45.9141
39.8744,52.1339
39.9602,62.2432
40.0403,75.7864
40.1204,94.3902
40.2047,120.601
40.3386,174.565
40.4393,212.864
40.5156,227.866
40.5388,228.796
40.601,222.381
40.6834,197.396
40.8665,122.753
40.9538,94.9962
41.0397,74.8356
41.1215,60.953
41.2094,50.4236
41.2865,44.0434
41.3669,39.6461
41.4778,36.4236
41.632,32.8326
41.778,28.4313
41.8403,27.7924
41.9224,28.7523
41.9821,31.0175
42.0423,35.2587
42.095,41.4776
42.1432,50.3266
42.1839,61.0728
42.2291,77.3112
42.2909,106.3
42.3641,141.92
42.4087,155.757
42.44,158.9
42.4762,154.988
42.5219,140.068
42.6388,85.8152
42.6795,71.7335
42.7172,62.8425
42.7473,58.6432
42.7811,56.9362
42.8145,58.2697
42.8589,64.3757
42.9243,79.8038
42.9876,94.1953
43.0329,98.0436
43.0699,95.2565
43.1167,84.8108
43.227,50.0149
43.2725,39.0179
43.3134,31.926
43.3485,27.6037
43.3952,23.6835
43.442,21.1765
43.4993,19.2855
43.5566,18.2
43.6644,17.4799
43.7507,17.7903
43.8639,19.3062
43.9447,21.3287
44.0256,24.4668
44.1064,29.2664
44.1711,34.877
44.2412,43.4526
44.314,55.7277
44.4794,90.1437
44.5355,97.399
44.573,99.1533
44.6217,97.4665
44.7123,85.9001
44.7996,73.6043
44.8676,68.037
45.0009,61.3299
45.0794,52.8421
45.1957,37.8737
45.2496,32.9536
45.3035,29.7629
45.3752,27.6733
45.4244,27.2962
45.5182,28.3666
45.5986,30.9013
45.7241,37.3401
45.8599,44.9364
45.9572,47.5404
45.9772,47.6254
46.0773,46.1604
46.2427,42.0905
46.3281,41.4282
46.5355,43.4818
46.6922,46.4754
46.8139,51.5056
46.9839,60.9615
47.1333,65.1469
47.1925,71.0147
47.2444,81.5015
47.3006,99.7155
47.4128,145.932
47.4562,157.453
47.489,160.314
47.531,155.735
47.5816,139.813
47.698,90.4625
47.7507,73.9436
47.8035,63.1693
47.8567,57.1628
47.9173,54.7715
47.9245,54.7388
47.997,56.7827
48.2058,72.4112
48.3478,76.3372
48.513,81.3663
48.7913,95.6244
48.9305,107.566
49.1972,140.611
49.2957,145.139
49.387,141.12
49.6639,108.213
49.7805,102.133
49.8282,101.76
49.9475,102.656
50.1002,98.8341
50.2666,93.2927
50.4304,97.0527
50.5515,99.8654
50.6797,96.0943
50.9308,79.2978
51.0642,76.0359
51.1838,78.0137
51.5373,94.0389
51.6105,94.986
51.7673,91.9197
51.9764,84.8771
52.0495,84.3781
52.181,88.3819
52.3435,101.263
52.649,129.085
52.8786,163.341
53.1303,195.689
53.322,209.069
53.3829,219.957
53.4656,248.16
53.5751,294.045
53.6426,305.326
53.6986,295.333
53.7642,262.399
53.9216,152.998
53.9879,117.176
54.047,93.3366
54.1061,75.7536
54.1663,62.5886
54.2423,50.7193
54.3207,42.0962
54.4171,34.6521
54.5365,28.4019
54.6775,23.5165
54.8366,19.9212
55.0293,17.2045
55.1996,15.8081
55.4216,15.1544
55.5522,15.4953
55.6828,16.7257
55.7699,18.4274
55.8352,20.5028
55.9114,24.2647
55.9762,28.9715
56.1616,46.6397
56.2268,49.6087
56.2419,49.7256
56.2922,48.4926
56.3697,42.7367
56.5034,30.3338
56.5795,25.428
56.6448,22.7579
56.7101,21.1673
56.8146,20.1162
56.832,20.07
56.9626,20.5724
57.067,21.8923
57.2193,25.3004
57.3528,30.1858
57.4687,36.6488
57.5589,43.9228
57.649,54.3071
57.7237,66.5655
57.7958,83.2532
57.8576,103.143
57.9194,130.236
57.9825,167.387
58.0534,221.617
58.2223,373.702
58.3088,429.091
58.3954,456.527
58.4449,459.487
58.5253,439.136
58.5933,392.673
58.7123,268.537
58.7897,191.763
58.8476,147.166
58.8979,117.984
58.952,94.7043
59.0041,78.2922
59.0677,63.8311
59.142,52.0595
59.2154,43.8765
59.3096,36.5746
59.4038,31.6387
59.5085,28.0631
59.6132,26.0155
59.7471,25.1353
59.7723,25.1259
59.8895,25.2292
60.0123,24.5624
60.1742,21.6977
60.3306,18.6726
60.4366,17.288
60.5762,16.3006
60.7158,16.0129
60.9251,16.5304
61.1311,18.0464
61.3351,20.7555
61.505,24.3871
61.6409,28.759
61.7598,34.3274
61.8651,41.3711
61.9738,51.5756
62.1097,68.7803
62.3217,96.6655
62.4549,114.428
62.5283,130.614
62.6096,157.31
62.783,222.607
63.076,310.457
63.1646,320.162
63.2305,311.6
63.3312,274.901
63.539,171.636
63.6318,135.562
63.72,109.999
63.8081,91.7246
63.8878,80.2789
63.9675,72.7286
64.0689,67.5129
64.3249,61.6124
64.5794,49.1628
64.7057,45.8774
64.7478,45.5448
64.9051,46.8352
65.1508,50.4429
65.1803,50.4796
65.318,48.9458
65.5637,43.5887
65.6301,43.1518
65.7063,43.8396
65.8144,47.3122
65.9953,56.2232
66.0779,57.7427
66.1551,55.8932
66.2488,49.8532
66.4308,35.0687
66.5352,28.9613
66.6396,25.1926
66.7357,23.4464
66.8021,23.0466
66.9148,23.6142
67.1469,26.5612
67.1861,26.692
67.3179,25.6307
67.4771,22.979
67.5832,22.0159
67.6127,21.9722
67.7018,22.5344
67.7909,24.2458
67.8893,27.6045
68.0265,34.6004
68.2592,47.0966
68.4195,55.7012
68.6361,72.1301
68.7392,75.7706
68.7475,75.7804
68.8196,73.9829
68.954,64.1196
69.1019,52.6112
69.239,46.3138
69.4138,39.207
69.6793,24.1299
69.7895,19.5888
69.8843,16.8658
69.9851,14.8636
70.0859,13.5008
70.2204,12.3444
70.3548,11.6986
70.543,11.3908
70.7581,11.7119
70.9893,12.8376
71.1913,14.658
71.358,17.0171
71.5039,20.0539
71.6498,24.5154
71.7769,30.2451
71.879,36.7663
71.979,45.5645
72.0791,57.5294
72.1999,76.6793
72.38,108.635
72.471,119.908
72.5733,125.031
72.6067,125.254
72.6734,124.815
72.7801,126.431
72.8526,132.768
72.9538,151.241
73.13,194.953
73.22,207.913
73.4099,218.615
73.5152,239.225
73.6346,264.75
73.673,266.109
73.7308,257.493
73.7924,234.384
73.9887,125.521
74.0537,97.4483
74.1126,78.0178
74.18,61.6747
74.2498,49.6058
74.3256,40.2875
74.4122,32.7614
74.5085,26.8602
74.6252,21.846
74.7479,18.1365
74.891,15.0606
75.0764,12.3108
75.293,10.138
75.5096,8.64095
75.8006,7.28477
76.0916,6.39715
76.4407,5.72425
76.7732,5.36251
77.1723,5.20588
77.5048,5.29546
77.9205,5.75172
78.253,6.53304
78.5024,7.51966
78.7352,8.91404
78.9962,11.1547
79.3271,14.3073
79.5319,15.2344
79.5532,15.2539
79.7394,14.8922
80.1235,13.4268
80.2149,13.3747
80.3743,13.7592
80.5708,15.21
80.7566,17.6911
81.0872,23.2899
81.2461,24.7058
81.3538,24.8783
81.5562,24.6249
81.7373,25.4617
81.948,28.5233
82.1835,33.8607
82.3613,40.1317
82.6117,53.0561
82.8194,62.9573
82.9607,65.4602
83.0806,63.9054
83.2883,55.6553
83.496,46.6335
83.6384,42.6611
83.7808,41.3279
83.9234,43.1999
84.0423,47.8855
84.1611,56.2365
84.2835,69.0989
84.492,95.154
84.6068,104.454
84.7452,107.438
84.8836,107.116
85.0826,109.213
85.2037,106.421
85.3175,96.9542
85.6001,61.2192
85.7093,51.0464
85.7873,45.9833
85.8837,42.1754
85.9802,40.9749
86.0679,42.0648
86.2066,47.0711
86.3389,52.0182
86.4153,52.9742
86.5298,51.1037
86.7365,44.8721
87.0353,40.2749
87.2432,33.8077
87.447,27.3518
87.5722,24.9138
87.6974,23.8095
87.7392,23.7229
87.8898,24.5302
88.0405,27.0828
88.2365,32.8341
88.4374,39.5262
88.5637,41.9063
88.6096,42.1284
88.7339,40.9378
89.0711,32.1604
89.2098,30.0833
89.2934,29.7776
89.4083,30.7023
89.5531,34.2551
89.9015,46.9799
90.3257,62.0494
90.4279,63.4148
90.6044,61.0955
90.8205,56.5709
90.8879,56.3513
91.0228,58.8993
91.1505,65.3526
91.5265,92.7567
91.7309,107.44
91.8701,124.355
92.1689,171.745
92.2953,182.11
92.3527,183.315
92.6944,173.849
92.9385,176.874
93.0888,170.731
93.2296,152.214
93.5536,91.3847
93.6979,70.2916
93.8388,55.1306
93.9826,43.9718
94.1264,35.9099
94.2907,29.2722
94.4667,24.1963
94.6721,20.0169
94.8775,17.0808
95.1123,14.752
95.403,12.9344
95.7105,12.0204
95.8447,11.9424
96.0461,12.2775
96.2139,13.1384
96.3817,14.8632
96.5075,17.0833
96.6334,20.5178
96.7609,25.5388
96.9858,35.9152
97.0834,38.405
97.1227,38.6702
97.214,37.5506
97.3415,32.9454
97.5294,24.9954
97.657,21.2542
97.7702,19.2691
97.8835,18.2909
97.959,18.0855
98.1352,18.7694
98.292,20.7649
98.4227,23.8025
98.5166,27.2433
98.5981,31.6034
98.6797,37.7485
98.7816,48.221
98.9545,67.7704
99.0557,74.4886
99.2674,79.9261
99.3581,85.5491
99.4764,98.3187
99.7048,128.823
99.8331,138.986
99.938,141.164
99.969,141.055
100.0,140.752
100.0,57.52
105.032,53.7594
109.817,50.5608
114.182,47.9185
120.039,44.7288
123.429,43.0457
129.594,40.2513
136.275,37.5594
141.026,35.8279
146.947,33.8552
155.492,31.2568
162.687,29.2947
168.964,27.7476
176.239,26.1206
181.901,24.9633
190.736,23.3227
200.0,21.79
229.912,20.8811
252.832,20.2833
283.373,19.5885
300.0,19.25
346.41,18.5679
400.0,17.91
422.949,17.2717
459.863,16.3566
500.0,15.49
547.723,14.9661
600.0,14.46
648.074,13.8887
700.0,13.3399
773.735,12.6591
800.0,12.44
845.897,11.7909
882.04,11.3265
939.17,10.6639
1000.0,10.04
1195.53,9.94482
1355.4,9.867
1500.0,9.81
1579.58,9.28541
1649.42,8.86797
1730.83,8.42515
1822.53,7.97521
1909.2,7.59084
2000.0,7.225
2388.2,7.01002
2780.38,6.83086
3000.0,6.743
3223.71,6.40112
3471.9,6.06669
3764.49,5.72177
4000.0,5.476
4782.12,5.54404
5000.0,5.563
5732.66,5.36911
6000.0,5.306
6480.74,5.03283
7000.0,4.77372
7483.31,4.56008
8000.0,4.356
9457.42,4.18994
10000.0,4.136
10996.9,3.935
11884.4,3.77811
12914.8,3.61696
14270.0,3.43262
15000.0,3.344
17011.9,3.19076
18949.8,3.065
20000.0,3.004
22991.2,2.89028
26766.7,2.77113
30000.0,2.685
40000.0,2.645
40000.0,2.64494
57464.2,2.42363
80000.0,2.25801
100000.0,2.265
200000.0,2.134
300000.0,1.887
600000.0,1.641
700000.0,1.599
1200000.0,1.7
1700000.0,1.90199
2000000.0,1.796
4000000.0,1.60599
5000000.0,1.62599
5500000.0,1.565
6250000.0,1.70675
7000000.0,1.892
8000000.0,2.25999
8750000.0,2.36475
1.1E7,2.40032
1.5E7,2.35
2.0E7,2.44999
