64-Gd-153(n,&gamma;) ENDF/B-VII.1
1.0E-5,635641.0
1.31241E-5,554905.0
1.70876E-5,486367.0
2.2426E-5,424621.0
2.91987E-5,372207.0
3.83206E-5,324988.0
4.98935E-5,284915.0
6.54808E-5,248820.0
8.52562E-5,218196.0
1.11891E-4,190618.0
1.45682E-4,167226.0
1.91195E-4,146177.0
2.48937E-4,128334.0
3.26707E-4,112285.0
4.25373E-4,98701.9
5.58264E-4,86505.3
7.26861E-4,76205.0
9.53941E-4,66980.0
0.00124203,59214.4
0.00163006,52301.2
0.00212234,46522.4
0.00278538,41427.2
0.00362657,37230.5
0.00475955,33621.3
0.00680278,29841.6
0.00972316,27098.3
0.0151349,24840.1
0.0234661,22798.6
0.0253,22317.3
0.0345628,18916.8
0.0512086,11181.5
0.0586115,8466.61
0.065256,6598.9
0.0723793,5097.33
0.0792937,4021.8
0.0866108,3183.58
0.0943344,2536.73
0.102465,2040.08
0.110882,1663.97
0.121098,1336.64
0.132563,1082.6
0.14325,917.177
0.156658,776.236
0.17126,681.786
0.183763,636.975
0.199372,618.663
0.213991,635.625
0.22861,684.622
0.249373,805.519
0.275034,982.392
0.289678,1028.32
0.290898,1028.57
0.302308,1000.84
0.315915,904.617
0.351916,547.551
0.367551,425.51
0.382806,335.084
0.39806,267.602
0.415221,211.871
0.432764,170.395
0.453357,135.185
0.47395,109.711
0.498357,87.7982
0.525052,70.5722
0.555942,56.2982
0.588739,45.4291
0.626494,36.4305
0.669206,29.1387
0.711918,23.8597
0.765308,19.0716
0.826325,15.1841
0.888868,12.3337
0.962089,9.93305
1.03531,8.19395
1.12684,6.62635
1.23667,5.31682
1.34192,4.4229
1.47921,3.60362
1.63938,2.95692
1.82243,2.46645
2.00549,2.13933
2.24955,1.86021
2.49362,1.69415
2.85973,1.57809
3.04278,1.56328
3.47727,1.62503
3.88507,1.80829
4.16347,2.02249
4.48827,2.40727
4.75893,2.8993
4.99093,3.52887
5.18427,4.29164
5.35827,5.27822
5.51293,6.54142
5.64827,8.13091
5.76659,10.1192
5.86944,12.5613
5.95605,15.4544
6.03184,18.9678
6.0968,23.0946
6.16176,28.813
6.21512,35.3418
6.26384,43.5301
6.30792,53.7613
6.34581,65.8585
6.38255,82.0945
6.41232,100.25
6.44209,125.355
6.46723,154.854
6.49159,194.675
6.51285,243.082
6.5318,301.814
6.54997,377.173
6.56853,479.009
6.59019,635.664
6.61679,882.804
6.65917,1307.95
6.67897,1444.41
6.69926,1495.8
6.71609,1460.29
6.73712,1327.07
6.7812,889.512
6.80827,637.306
6.82837,489.661
6.84693,384.608
6.86627,302.31
6.88521,242.521
6.90725,191.764
6.92891,155.592
6.95365,125.407
6.97917,102.626
7.00895,83.1277
7.04336,66.8239
7.08125,53.8842
7.12224,43.7273
7.17096,35.0077
7.22741,27.819
7.28928,22.2285
7.35269,18.095
7.42693,14.585
7.50427,11.9315
7.59088,9.7608
7.68987,7.94764
7.79813,6.5041
7.92187,5.31102
8.05333,4.39346
8.21573,3.58269
8.40133,2.93608
8.61787,2.41862
8.86533,2.023
9.1128,1.75586
9.42213,1.54016
9.79333,1.39455
10.1645,1.33386
10.2883,1.32882
10.76,1.3724
11.14,1.48262
11.52,1.6759
11.9,1.98761
12.2167,2.38827
12.5017,2.9263
12.7233,3.53063
12.9292,4.33102
13.0954,5.23912
13.2458,6.37531
13.3844,7.83161
13.5103,9.68786
13.6179,11.9015
13.7208,14.8617
13.8095,18.4734
13.8855,22.8064
13.952,28.0564
14.009,34.2213
14.066,42.7682
14.1167,53.51
14.157,65.4198
14.1958,81.2849
14.2311,101.634
14.2615,126.513
14.2877,156.217
14.3126,195.466
14.334,241.264
14.3558,303.723
14.3779,388.567
14.4009,503.893
14.427,672.121
14.4745,1053.7
14.5103,1328.63
14.5347,1454.78
14.5594,1500.94
14.5866,1445.34
14.6183,1261.54
14.6922,670.841
14.7183,503.105
14.7433,379.372
14.7658,295.322
14.788,233.742
14.8102,188.067
14.8331,153.021
14.8608,122.295
14.8909,98.4971
14.9242,79.649
14.9598,65.0357
15.0025,52.3731
15.0524,41.8674
15.1062,33.7845
15.1696,27.0065
15.2408,21.6157
15.3168,17.5193
15.4023,14.217
15.5021,11.4802
15.6129,9.32536
15.7317,7.6831
15.8702,6.3307
16.0285,5.26259
16.2225,4.39421
16.4079,3.85868
16.6318,3.47428
16.8556,3.29651
16.9748,3.27472
17.2471,3.41406
17.4514,3.71429
17.6445,4.20472
17.832,4.96076
17.9883,5.91446
18.1173,7.04647
18.2345,8.49371
18.3322,10.159
18.426,12.3544
18.508,15.0142
18.5854,18.5034
18.6511,22.6168
18.7089,27.5946
18.7636,34.1101
18.8136,42.486
18.8574,52.855
18.8949,65.3832
18.9277,80.7543
18.9558,99.0422
18.9816,122.076
19.0051,150.556
19.0285,189.051
19.0512,238.936
19.0762,312.34
19.1016,410.077
19.1309,552.855
19.2087,998.503
19.2425,1129.35
19.2699,1164.53
19.2963,1129.69
19.33,999.376
19.4169,507.381
19.4451,378.801
19.4701,289.442
19.4951,221.764
19.5197,172.602
19.5443,136.693
19.5685,110.8
19.5943,90.5035
19.6264,72.3463
19.6576,59.5955
19.6951,48.4444
19.7358,39.6702
19.7827,32.2905
19.8374,26.0701
19.9015,20.8667
19.9671,17.0293
20.0484,13.613
20.1414,10.8572
20.2391,8.79451
20.3485,7.12457
20.4774,5.71692
20.6142,4.65006
20.7705,3.77365
20.958,3.02884
21.1456,2.49781
21.3644,2.05255
21.5832,1.72702
21.8802,1.41114
22.1928,1.18028
22.5836,0.984174
22.9861,0.85191
23.436,0.760935
23.8944,0.715356
24.1728,0.70852
24.6833,0.741445
25.0392,0.809273
25.3176,0.900792
25.5961,1.04398
25.8397,1.23486
26.0486,1.47882
26.2226,1.77215
26.385,2.16349
26.5243,2.64217
26.648,3.24403
26.7563,3.98434
26.853,4.91021
26.9342,5.99186
27.0131,7.46283
27.0781,9.16182
27.1369,11.2992
27.191,14.0704
27.2359,17.3029
27.273,21.0038
27.3102,26.1874
27.3426,32.644
27.3705,40.3729
27.3983,51.0818
27.4223,63.615
27.4455,79.5805
27.471,102.567
27.4989,135.258
27.5333,187.322
27.6326,370.563
27.6629,409.722
27.6987,427.886
27.6999,427.892
27.7353,410.515
27.7743,357.863
27.8686,182.801
27.9011,134.347
27.9297,101.12
27.9541,79.3777
27.9785,62.7454
28.004,49.7008
28.0295,40.0586
28.0589,31.9873
28.0898,25.9043
28.127,20.7319
28.1687,16.6557
28.2152,13.4552
28.2693,10.8069
28.325,8.84844
28.39,7.18773
28.4573,5.93008
28.5362,4.84711
28.6282,3.93153
28.7365,3.16008
28.8603,2.53494
28.9917,2.06165
29.1464,1.66429
29.3205,1.34774
29.51,1.10235
29.7227,0.905724
29.9664,0.744504
30.268,0.604356
30.5929,0.499375
30.9178,0.424202
31.3819,0.348863
31.846,0.297038
32.4029,0.253745
33.1454,0.215194
34.0427,0.186162
35.0947,0.166317
36.3632,0.155519
36.9776,0.154341
38.1188,0.15921
38.9747,0.170007
39.7672,0.187709
40.528,0.215796
41.162,0.252729
41.7326,0.303572
42.1764,0.362815
42.5647,0.43787
42.8976,0.53002
43.2066,0.652742
43.4563,0.793345
43.6901,0.978124
43.8842,1.19398
44.0507,1.44886
44.2171,1.80403
44.3558,2.21944
44.4747,2.71025
44.5856,3.34129
44.6847,4.12299
44.7679,5.02726
44.8487,6.2461
44.9153,7.64482
44.9723,9.29124
45.0231,11.2996
45.0706,13.9263
45.1102,16.9944
45.1435,20.5344
45.1752,25.1272
45.2069,31.4463
45.2386,40.2091
45.2672,50.9302
45.2957,65.1119
45.3274,85.8237
45.3623,115.489
45.4035,159.943
45.516,301.586
45.562,339.821
45.5999,350.364
45.6361,340.337
45.6761,308.875
45.7442,225.766
45.8092,144.516
45.8496,104.034
45.8817,78.9378
45.9115,60.9524
45.942,46.9829
45.9709,37.1245
45.9994,29.8814
46.0311,23.9668
46.0644,19.4703
46.104,15.6538
46.1437,12.9252
46.1928,10.4916
46.2499,8.48613
46.3164,6.82809
46.3893,5.53371
46.4702,4.49966
46.5668,3.61309
46.6778,2.89142
46.8046,2.30868
46.9433,1.85747
47.1018,1.49169
47.2643,1.22267
47.4544,0.995111
47.6605,0.817889
47.9141,0.662132
48.1994,0.538928
48.5322,0.438837
48.8968,0.36267
49.3406,0.298874
49.7844,0.254815
50.355,0.216005
50.9256,0.189503
51.6864,0.16606
52.5106,0.150173
53.7786,0.136888
54.9832,0.131848
55.4904,0.131356
57.2937,0.135658
59.1274,0.148266
60.88,0.170701
62.18,0.197459
63.3175,0.232411
64.3412,0.279888
65.105,0.33252
65.755,0.396995
66.34,0.480411
66.86,0.589252
67.2663,0.711827
67.6075,0.856107
67.9366,1.05248
68.2291,1.30289
68.485,1.6167
68.6841,1.95958
68.8831,2.44081
69.0416,2.97839
69.1837,3.64403
69.3138,4.48813
69.4275,5.51405
69.525,6.72599
69.6103,8.17812
69.6956,10.2116
69.7688,12.7126
69.8272,15.5568
69.876,18.8715
69.9166,22.6717
69.9573,27.9241
69.9938,34.4977
70.0255,42.2156
70.058,52.795
70.0905,66.9213
70.1246,86.6278
70.1588,112.436
70.1961,148.795
70.2408,204.021
70.305,302.211
70.3895,437.204
70.4363,493.002
70.4844,521.61
70.4999,523.409
70.5468,506.2
70.5943,458.005
70.6771,330.57
70.7523,212.829
70.797,155.951
70.8372,115.615
70.8737,87.4892
70.9095,66.7774
70.942,52.69
70.9761,41.6782
71.0127,33.09
71.0492,26.8812
71.0899,21.9025
71.137,17.7989
71.1858,14.7619
71.2442,12.129
71.3092,10.0134
71.3921,8.08004
71.475,6.68647
71.5725,5.48573
71.6862,4.4717
71.8163,3.63991
71.9584,2.9865
72.1169,2.46144
72.3159,1.99479
72.515,1.66557
72.7384,1.40037
73.0066,1.17492
73.3031,1.00166
73.6687,0.857456
74.1075,0.747059
74.5625,0.67743
75.05,0.635745
75.83,0.614306
76.7039,0.637958
77.558,0.702629
78.496,0.825126
79.3167,0.992315
80.0554,1.21298
80.712,1.49855
81.2631,1.83891
81.7555,2.26445
82.1777,2.76975
82.5763,3.43105
82.9515,4.30574
83.2798,5.38864
83.5612,6.69525
83.825,8.41973
84.0536,10.5325
84.2412,12.9385
84.4253,16.2207
84.5848,20.2118
84.7243,25.0845
84.8392,30.6094
84.9541,38.2803
85.0432,46.5238
85.1277,57.2473
85.198,69.5679
85.259,84.1593
85.3153,102.669
85.3704,128.135
85.4196,160.383
85.4606,197.351
85.4999,244.691
85.5386,306.419
85.5773,387.117
85.623,512.258
85.6705,681.133
85.7303,950.537
85.8851,1757.32
85.9493,1974.86
85.9992,2031.0
86.0525,1968.26
86.1107,1771.37
86.2134,1242.67
86.292,839.848
86.3471,611.372
86.3928,463.255
86.4338,360.444
86.476,280.068
86.5182,220.327
86.5605,176.295
86.6027,143.793
86.6554,114.493
86.7082,93.6467
86.7738,75.1996
86.8442,61.2073
86.9263,49.5242
87.0224,39.779
87.135,31.7148
87.2475,25.9248
87.3742,21.153
87.5242,17.0435
87.6884,13.791
87.876,11.1022
88.0812,8.97724
88.3157,7.22268
88.5912,5.7503
88.8726,4.67039
89.1716,3.82936
89.5409,3.07023
89.9279,2.49507
90.3969,1.99315
90.901,1.60757
91.4639,1.29801
92.0618,1.05985
92.8005,0.849663
93.504,0.704173
94.442,0.564762
95.4503,0.459954
96.576,0.377412
97.8188,0.313671
99.132,0.266188
100.633,0.228857
102.326,0.201423
104.635,0.18006
107.25,0.172562
108.7,0.175274
111.02,0.189663
112.76,0.210568
114.5,0.243501
116.022,0.286733
117.327,0.339953
118.524,0.40865
119.611,0.495741
120.518,0.596512
121.424,0.736237
122.239,0.913576
122.964,1.13583
123.599,1.40875
124.161,1.74571
124.668,2.16818
125.121,2.69716
125.502,3.3114
125.846,4.07227
126.163,5.03677
126.463,6.30501
126.716,7.80434
126.934,9.56408
127.148,11.9593
127.325,14.7291
127.485,18.1548
127.637,22.7162
127.76,27.8502
127.869,34.053
127.96,41.0598
128.052,50.8879
128.128,62.1457
128.192,74.8791
128.257,92.7242
128.317,115.216
128.376,146.024
128.434,185.925
128.491,238.969
128.551,312.653
128.619,418.042
128.723,617.242
128.856,878.006
128.922,966.867
129.0,1006.68
129.065,977.909
129.139,884.427
129.266,637.642
129.375,425.892
129.445,316.483
129.508,240.029
129.566,185.992
129.625,144.415
129.68,116.371
129.736,94.6951
129.801,76.2283
129.877,60.8812
129.964,48.5882
130.062,38.8986
130.16,31.9396
130.287,25.4548
130.414,20.7988
130.559,16.9096
130.733,13.5458
130.928,10.8491
131.157,8.61883
131.393,6.97039
131.646,5.68339
131.827,5.0202
131.95,4.7039
132.0,4.60729
132.0,73.3813
157.81,66.7156
166.0,64.6005
198.458,58.4835
200.0,58.1929
239.106,52.9995
262.5,49.8927
313.827,45.1826
325.0,44.1573
387.5,39.8977
450.0,36.578
537.989,33.1316
575.0,31.6819
687.43,28.5479
700.0,28.1975
825.0,25.5616
950.0,23.4817
1135.75,21.1757
1200.0,20.3781
1434.64,18.2845
1450.0,18.1474
1700.0,16.4504
2032.4,14.8288
2200.0,14.0112
2630.17,12.557
2700.0,12.3209
3200.0,11.0675
3700.0,10.0942
4200.0,9.31268
4700.0,8.66887
5200.0,8.12778
6200.0,7.26543
7200.0,6.60543
8200.0,6.08164
9200.0,5.6544
10200.0,5.29833
11200.0,4.9964
12200.0,4.73668
13200.0,4.51059
14200.0,4.31175
15200.0,4.13533
16200.0,3.9776
17200.0,3.83561
18200.0,3.70703
19200.0,3.58997
20200.0,3.48287
21200.0,3.38447
22200.0,3.29369
23200.0,3.20965
24200.0,3.13158
25200.0,3.05883
26200.0,2.99086
27200.0,2.92718
28200.0,2.86737
29200.0,2.81108
30200.0,2.75799
31200.0,2.7078
32200.0,2.66029
33200.0,2.61522
34200.0,2.5724
35200.0,2.53166
36200.0,2.49283
37200.0,2.45579
38200.0,2.4204
39200.0,2.38653
40200.0,2.3541
41000.0,2.32912
41000.0,2.32524
52444.1,1.93167
65000.0,1.57643
78750.0,1.2571
92500.0,1.04232
100000.0,0.95254
135000.0,0.737989
150000.0,0.663076
200000.0,0.533527
250000.0,0.471276
329330.0,0.437478
400000.0,0.397551
597765.0,0.358987
800000.0,0.327033
950000.0,0.317768
1200000.0,0.290822
1500000.0,0.212451
1700000.0,0.187316
2500000.0,0.113293
3000000.0,0.0790154
3500000.0,0.0545065
4000000.0,0.037738
4500000.0,0.0261961
5000000.0,0.0182103
6000000.0,0.00660957
6500000.0,0.00454073
7000000.0,0.00313835
7500000.0,0.00228944
8000000.0,0.00165807
8500000.0,0.00130421
9000000.0,0.00117089
9500000.0,0.00112758
1.0E7,0.00112495
1.049E7,0.00112515
1.3E7,0.00103852
1.525E7,7.67813E-4
1.6125E7,6.36526E-4
1.6625E7,5.46723E-4
1.7625E7,4.06501E-4
1.85E7,3.01388E-4
2.0E7,1.90902E-4
