64-Gd-155(n,total) ENDF/B-VII.1
1.0E-5,2476490.0
1.31241E-5,2161830.0
1.70876E-5,1894700.0
2.2426E-5,1654020.0
2.91987E-5,1449690.0
3.83206E-5,1265600.0
4.98935E-5,1109340.0
6.54808E-5,968560.0
8.52562E-5,849086.0
1.11891E-4,741453.0
1.45682E-4,650112.0
1.91195E-4,567872.0
2.48937E-4,498093.0
3.26707E-4,435264.0
4.25373E-4,382004.0
5.58264E-4,334087.0
7.26861E-4,293511.0
9.53941E-4,257037.0
0.00124203,226180.0
0.00163006,198518.0
0.00212234,175168.0
0.00278538,154292.0
0.00362657,136742.0
0.00475955,121181.0
0.00619694,108124.0
0.00813293,96572.7
0.0116243,83824.7
0.0166146,72830.4
0.0234661,63076.3
0.0253,60854.6
0.0435765,42161.4
0.0581234,30027.1
0.0694882,22656.9
0.0794354,17712.4
0.0890213,14059.7
0.099319,11075.1
0.109982,8763.73
0.121572,6902.92
0.13432,5407.63
0.147036,4315.3
0.160583,3454.23
0.176425,2718.51
0.192568,2173.23
0.210915,1721.54
0.229833,1382.07
0.251116,1102.91
0.275439,872.677
0.302368,690.776
0.329296,558.91
0.361489,444.627
0.393683,362.182
0.432171,290.729
0.476412,232.302
0.516674,193.862
0.569564,157.333
0.631452,127.703
0.700415,105.19
0.769676,89.7132
0.86013,76.3573
0.936731,68.9268
1.03657,63.0407
1.12503,60.5033
1.18022,59.9974
1.30439,61.6973
1.38992,65.4978
1.47822,72.4161
1.56376,83.5521
1.63619,98.8014
1.68793,115.505
1.73621,138.931
1.77208,164.827
1.79968,193.075
1.82727,233.205
1.85141,284.213
1.87211,347.162
1.89004,424.171
1.90694,524.956
1.92453,669.779
1.94316,875.752
1.98344,1399.71
1.99807,1513.74
2.00761,1537.09
2.02235,1486.99
2.04111,1302.9
2.07767,848.797
2.0963,675.65
2.11354,562.69
2.13079,486.309
2.15148,429.287
2.17494,395.66
2.19839,384.571
2.22943,395.404
2.2624,434.607
2.2915,494.83
2.31743,574.264
2.34322,686.753
2.36858,845.334
2.39008,1036.0
2.40981,1280.28
2.42707,1574.92
2.44398,1970.38
2.46089,2515.25
2.47675,3206.3
2.49528,4274.81
2.53643,7216.05
2.55447,8102.22
2.56732,8304.97
2.58266,8009.34
2.60182,6965.55
2.64199,4093.77
2.6596,3104.9
2.67546,2428.21
2.69131,1922.26
2.70823,1525.27
2.7269,1208.16
2.74663,967.032
2.76671,787.948
2.78891,642.152
2.81322,524.653
2.84281,420.911
2.87241,345.609
2.90694,281.252
2.9464,228.112
2.99008,185.751
3.04175,149.908
3.09597,123.143
3.15381,102.531
3.21611,86.4792
3.28926,73.399
3.35266,66.064
3.39818,63.2053
3.42744,62.8061
3.46645,65.0721
3.49896,71.0349
3.52334,79.1562
3.58869,110.558
3.6082,114.819
3.6147,114.903
3.63681,109.936
3.66753,93.2329
3.70866,68.6132
3.7371,56.3899
3.76555,48.1725
3.79806,42.0337
3.84683,36.3561
3.91673,31.6142
4.02564,27.3942
4.16218,24.3046
4.35725,21.8059
4.55557,20.6055
4.68886,20.3698
4.90831,20.9925
5.0646,22.3546
5.23087,25.0643
5.35025,28.2526
5.47713,33.5213
5.56775,39.2147
5.65475,47.2523
5.7258,56.821
5.7809,67.1919
5.8389,82.4904
5.8882,101.026
5.9288,122.328
5.9694,152.278
6.0013,185.274
6.03175,228.991
6.05785,281.166
6.08069,343.952
6.1028,427.941
6.1231,535.185
6.1405,660.338
6.15863,835.706
6.17602,1059.76
6.19632,1402.81
6.2217,1950.94
6.26056,2854.07
6.2826,3196.14
6.29954,3284.39
6.31972,3164.0
6.34408,2746.92
6.39498,1576.55
6.416,1187.49
6.43594,905.898
6.4537,718.558
6.47146,578.53
6.4914,463.043
6.5117,377.412
6.5349,306.262
6.56028,250.091
6.58855,204.874
6.62407,164.646
6.6596,136.2
6.70528,110.47
6.75095,92.5028
6.8104,76.3818
6.8684,65.7677
6.9264,58.52
6.9933,53.1365
7.0807,49.7773
7.1244,49.4902
7.20416,51.5334
7.25734,55.1766
7.31052,61.4102
7.36526,71.9525
7.40748,84.68
7.44267,100.244
7.47708,122.483
7.50445,148.075
7.52987,181.785
7.55098,220.84
7.57112,271.755
7.59145,342.055
7.61139,435.342
7.6329,568.623
7.65929,779.049
7.70746,1205.4
7.72873,1334.52
7.74988,1381.04
7.77127,1333.15
7.79755,1164.48
7.85635,650.956
7.87981,488.917
7.89936,385.192
7.91852,307.949
7.93768,249.986
7.95879,202.74
7.98343,163.052
8.00962,133.0
8.0409,107.611
8.07414,88.5587
8.11519,72.0074
8.15977,59.4594
8.21607,48.4934
8.28176,39.8145
8.35683,33.0917
8.44129,27.9386
8.55081,23.4693
8.67614,20.1295
8.82654,17.5213
9.01909,15.4962
9.20367,14.4761
9.31899,14.2572
9.45719,14.5883
9.54357,15.3679
9.62419,16.918
9.68465,19.1633
9.7264,21.8239
9.75807,24.9811
9.7883,29.6089
9.81349,35.4545
9.83473,42.5269
9.8574,53.0995
9.88008,67.5916
9.90491,88.3048
9.96652,148.489
9.98812,162.653
10.0102,167.852
10.0307,163.158
10.0561,146.374
10.1244,80.5941
10.1496,61.6407
10.1705,49.7898
10.1921,40.7314
10.2173,33.314
10.2461,27.675
10.2749,23.9392
10.3094,20.9542
10.3555,18.4272
10.416,16.4662
10.4649,15.505
10.5628,14.5012
10.6549,14.2358
10.8026,14.7827
10.9146,16.0773
11.0088,18.0962
11.0873,20.9409
11.1477,24.4644
11.1924,28.4252
11.2301,33.3124
11.2615,39.1962
11.289,46.5349
11.3165,57.096
11.34,69.9757
11.3636,87.7843
11.3887,113.652
11.417,151.976
11.4798,253.102
11.5074,284.224
11.5334,294.047
11.5614,281.012
11.5934,243.22
11.6493,164.605
11.6756,137.766
11.698,122.988
11.7204,115.695
11.7312,114.805
11.7545,118.837
11.7745,129.327
11.7953,148.362
11.8164,178.227
11.8376,220.954
11.8598,281.55
11.8898,387.737
11.9415,590.304
11.9646,653.722
11.9897,679.418
12.0114,659.816
12.0391,585.789
12.1099,308.675
12.1339,233.363
12.1569,178.129
12.1791,138.616
12.2013,110.029
12.2256,87.8289
12.2503,71.9721
12.2778,59.466
12.3117,48.7626
12.3512,40.2281
12.3935,33.9056
12.4443,28.6281
12.5149,23.7477
12.5996,20.0169
12.6842,17.595
12.7992,15.4992
12.9438,13.976
13.1174,13.1186
13.2317,12.973
13.3925,13.2938
13.5532,14.375
13.6949,16.3235
13.7985,18.7728
13.8847,21.9936
13.9551,25.9764
14.0202,31.4978
14.0666,37.2198
14.1091,44.5524
14.1509,54.9374
14.1851,67.2666
14.2153,82.9308
14.2412,102.108
14.2631,124.75
14.283,152.801
14.3029,190.76
14.3242,245.902
14.3454,320.315
14.3686,427.662
14.3945,579.641
14.4577,1006.32
14.4834,1128.67
14.5102,1175.77
14.5312,1146.62
14.5573,1038.32
14.6016,749.504
14.6374,515.036
14.6613,388.379
14.6826,300.14
14.7025,236.694
14.7224,188.825
14.7423,153.145
14.7662,122.115
14.7921,98.4889
14.818,81.6796
14.8478,67.7197
14.8837,55.822
14.9215,46.861
14.9693,38.8109
15.0251,32.2673
15.0941,26.7198
15.1737,22.4032
15.2534,19.4254
15.3596,16.6913
15.4658,14.8159
15.6251,12.9511
15.8099,11.6098
16.0732,10.5261
16.3704,9.97675
16.536,9.90019
16.8294,10.2126
17.0476,11.0821
17.1951,12.4279
17.2899,14.0838
17.3577,16.1115
17.4103,18.6863
17.4487,21.6093
17.4807,25.2403
17.5097,30.0677
17.536,36.4004
17.5623,45.3891
17.5887,57.8924
17.6154,74.8419
17.6496,102.74
17.7146,161.197
17.7447,178.987
17.7701,184.108
17.7941,179.56
17.8266,160.612
17.9118,85.8806
17.9423,64.7779
17.9702,50.4176
17.9965,40.6396
18.0228,33.7352
18.0499,28.788
18.086,24.4248
18.1244,21.4923
18.1733,19.182
18.232,17.5687
18.3358,16.2719
18.4201,16.0012
18.5465,16.3634
18.727,18.096
18.8894,20.9801
19.0246,24.8218
19.1316,29.3601
19.2218,34.8972
19.2992,41.6845
19.3691,50.4793
19.4261,60.7204
19.4776,73.9191
19.5183,88.6624
19.5523,105.677
19.5869,130.23
19.6154,159.228
19.6391,192.816
19.6622,237.481
19.6859,300.863
19.709,385.174
19.7334,505.492
19.7589,670.35
19.7897,924.555
19.8608,1592.17
19.8929,1794.56
19.9198,1852.64
19.9477,1789.92
19.9797,1584.53
20.0632,817.595
20.0927,601.117
20.1171,463.943
20.1398,367.834
20.1636,294.312
20.1867,243.233
20.2111,205.12
20.2416,173.386
20.2782,150.288
20.3129,137.908
20.3475,131.626
20.3705,130.028
20.4304,133.84
20.4903,148.71
20.5444,173.644
20.587,204.18
20.6225,240.63
20.6587,293.679
20.6885,356.084
20.7133,427.946
20.7389,529.98
20.7623,659.72
20.7858,838.225
20.8081,1069.57
20.8305,1376.41
20.8543,1800.61
20.8809,2403.23
20.9249,3637.32
20.9735,4995.96
21.0073,5598.75
21.0305,5731.25
21.0573,5566.51
21.0908,4941.41
21.1787,2499.41
21.2089,1824.8
21.2345,1384.42
21.2586,1070.19
21.2835,831.609
21.3083,658.858
21.3314,541.438
21.3591,438.727
21.3885,360.352
21.4205,298.804
21.4588,245.473
21.5014,202.826
21.5526,166.077
21.6122,135.631
21.6775,111.884
21.757,91.4119
21.8493,74.8432
21.9587,61.27
22.0765,51.1424
22.2215,42.6572
22.3905,36.2368
22.5715,32.1451
22.7043,30.6478
22.7928,30.3967
22.9336,31.6526
23.0421,34.8399
23.119,39.2481
23.1806,45.089
23.2345,53.1815
23.2729,61.884
23.3114,74.7359
23.3422,89.8736
23.371,110.262
23.3964,135.53
23.4211,169.191
23.4453,213.893
23.4695,272.731
23.4972,359.624
23.5346,508.744
23.6041,819.677
23.6355,920.545
23.6693,964.301
23.6706,964.431
23.702,931.996
23.7414,809.411
23.827,436.784
23.8578,327.762
23.8847,253.141
23.9116,196.656
23.9347,160.334
23.9597,130.839
23.9897,105.397
24.0224,86.1124
24.0609,70.5554
24.1071,57.9653
24.1625,47.8591
24.224,40.2656
24.2979,34.0455
24.3949,28.603
24.4949,24.8338
24.6149,21.7172
24.8089,18.4474
25.0397,16.0425
25.2706,14.4771
25.6709,12.8005
26.0881,11.8769
26.3876,11.6505
26.7108,12.0631
26.8763,12.887
27.0025,14.2553
27.086,15.982
27.1475,18.1749
27.1987,21.2392
27.2389,25.1476
27.272,30.0717
27.3004,36.151
27.3288,44.5901
27.3603,57.4773
27.393,75.2984
27.4391,107.318
27.5013,152.727
27.5322,168.889
27.5687,176.771
27.5704,176.795
27.599,172.573
27.6362,155.507
27.7418,81.0148
27.7773,61.2722
27.8088,48.1141
27.8404,38.628
27.8727,31.8806
27.9042,27.3794
27.9357,24.2752
27.9744,21.7053
28.0146,19.934
28.095,17.9151
28.1754,16.9856
28.2637,16.6604
28.4055,17.1345
28.5521,18.7311
28.701,21.7742
28.8003,25.0218
28.8899,29.3309
28.97,34.9818
29.0367,41.8572
29.097,50.9936
29.1391,60.1478
29.1813,73.2168
29.215,88.316
29.243,105.902
29.2711,130.282
29.2996,164.864
29.3266,210.345
29.3529,269.751
29.3813,353.65
29.4171,489.746
29.5135,928.367
29.553,1046.26
29.581,1075.61
29.6182,1038.62
29.6614,908.314
29.7358,627.604
29.7639,554.062
29.7878,519.271
29.8046,512.846
29.8281,531.946
29.8516,586.896
29.8757,684.083
29.9034,848.351
29.9347,1102.52
29.9896,1667.84
30.0379,2151.43
30.0735,2381.91
30.1007,2441.3
30.1287,2384.56
30.164,2159.25
30.2214,1576.71
30.2718,1053.99
30.3046,778.465
30.3339,587.042
30.3605,455.678
30.387,357.794
30.4146,283.738
30.4422,230.405
30.4698,191.692
30.503,158.279
30.5444,129.259
30.5858,108.914
30.6437,89.0189
30.7113,73.2676
30.7917,60.6038
30.8687,52.2066
30.974,44.4313
31.0589,40.3355
31.172,37.3565
31.2137,37.0476
31.2882,38.0903
31.3373,40.6867
31.3701,43.9473
31.4058,49.7834
31.4397,58.6187
31.4713,70.972
31.5048,89.5892
31.5421,117.789
31.5986,172.939
31.6545,226.934
31.6974,252.352
31.7208,256.467
31.751,250.491
31.7891,226.804
31.8629,154.568
31.9091,111.621
31.9463,84.6849
31.9798,66.8251
32.0126,54.37
32.0461,45.5343
32.0863,38.5114
32.1272,33.8923
32.1697,30.7119
32.2263,27.9403
32.3111,25.5192
32.4103,24.1992
32.4812,23.9811
32.5649,24.5217
32.6487,26.2891
32.7115,29.0942
32.7638,33.4254
32.8005,38.4848
32.8357,45.9996
32.865,55.1591
32.8943,67.8743
32.9257,86.3285
32.9627,115.051
33.0248,176.15
33.073,222.322
33.1154,249.097
33.1489,255.719
33.1847,248.206
33.288,189.836
33.3293,178.354
33.3395,177.852
33.3701,181.681
33.4774,219.228
33.496,221.208
33.5322,215.929
33.5741,194.902
33.6441,139.189
33.6951,99.3798
33.7315,76.999
33.7654,61.4549
33.7986,50.6124
33.827,44.0575
33.8671,37.9173
33.9181,33.4916
33.9793,31.0041
34.0347,30.2842
34.1076,30.8575
34.1805,33.0295
34.2528,37.1464
34.3121,42.7203
34.3596,49.4911
34.407,59.6589
34.446,72.1494
34.4786,86.9965
34.5108,107.281
34.5404,132.737
34.5701,166.405
34.6056,219.652
34.6462,298.208
34.7521,543.04
34.7905,605.062
34.8319,629.847
34.8648,613.768
34.9075,551.364
35.0237,295.538
35.0632,227.372
35.0949,187.146
35.1245,160.922
35.1542,145.155
35.1868,139.152
35.2198,144.727
35.2535,162.224
35.2902,193.982
35.3502,265.816
35.4041,329.764
35.4472,360.022
35.469,363.999
35.5,355.192
35.5383,322.962
35.6056,233.573
35.6617,158.99
35.6992,119.819
35.7329,93.1695
35.7644,74.8818
35.7962,61.5527
35.828,52.0949
35.867,44.143
35.9074,38.6019
35.9613,33.7566
36.0153,30.605
36.0692,28.4785
36.1681,26.2559
36.2669,25.5688
36.3543,26.1056
36.4417,27.937
36.5238,31.4262
36.5921,36.6069
36.64,42.4592
36.6831,50.54
36.7207,61.3316
36.7508,74.0318
36.7771,89.5894
36.8048,112.264
36.8287,138.794
36.8527,173.468
36.8814,228.021
36.9121,304.165
36.9504,424.285
37.0475,773.787
37.0872,867.965
37.1219,895.889
37.1545,869.953
37.1911,787.073
37.2561,561.009
37.3111,369.327
37.3456,273.227
37.3764,206.818
37.4044,160.95
37.4318,127.497
37.4591,102.848
37.4885,83.6771
37.5186,69.6512
37.5562,57.4163
37.6014,47.5538
37.6506,40.2937
37.7121,34.1279
37.786,29.1562
37.8674,25.4483
37.9825,22.0281
38.1207,19.5788
38.262,18.3175
38.3572,18.1413
38.4524,18.7414
38.5238,20.1311
38.5834,22.5979
38.628,26.0067
38.6637,30.4128
38.6987,36.9381
38.7314,45.7749
38.7634,57.601
38.8006,75.7711
38.8512,107.188
38.9211,152.908
38.9643,172.209
39.0027,178.006
39.0393,172.148
39.0863,150.699
39.1957,80.6373
39.2366,60.0163
39.2701,47.2666
39.3036,37.8794
39.3393,30.8309
39.3753,25.9708
39.4196,22.0518
39.4702,19.22
39.5461,16.6683
39.6309,14.9675
39.75,13.5127
39.9493,12.1418
40.2291,11.1251
40.6368,10.3866
41.2367,10.0542
41.6967,10.3329
42.0417,11.0354
42.3292,12.2422
42.5687,14.0971
42.7365,16.2657
42.8802,19.1588
43.0,22.8462
43.0939,27.1145
43.1744,32.3557
43.2434,38.713
43.3105,47.5817
43.368,58.6857
43.414,71.445
43.4523,86.2974
43.4907,107.091
43.5252,133.395
43.5539,163.124
43.587,209.255
43.6172,265.766
43.6517,351.103
43.69,475.423
43.736,664.378
43.8357,1120.74
43.8786,1255.65
43.9208,1304.97
43.9583,1269.42
44.0036,1138.4
44.0868,767.301
44.1409,534.683
44.1792,402.365
44.2137,309.464
44.2458,243.397
44.2794,191.79
44.31,156.79
44.3436,128.419
44.3838,104.027
44.4298,84.6582
44.4777,70.5453
44.5353,58.6098
44.6043,48.6542
44.6847,40.6528
44.7787,34.2778
44.891,29.1884
45.0034,25.8367
45.1382,23.3482
45.2921,22.1253
45.3434,22.1116
45.4396,22.7778
45.5357,24.8453
45.6079,28.2118
45.656,32.2052
45.698,37.7785
45.7337,44.9143
45.7674,54.6064
45.801,68.165
45.8339,86.053
45.87,111.714
45.9181,155.441
46.0166,256.119
46.0577,285.277
46.1026,297.306
46.1385,289.898
46.1834,261.914
46.3068,145.935
46.3469,116.72
46.3789,99.8683
46.4094,89.4839
46.4382,84.7297
46.4527,84.2405
46.4753,86.1374
46.5037,93.4919
46.532,107.212
46.5592,127.424
46.5855,154.819
46.6171,199.265
46.6507,261.358
46.6962,367.886
46.7857,601.38
46.8231,672.33
46.8643,708.218
46.873,709.172
46.9063,690.889
46.9503,619.656
47.0228,436.798
47.0801,293.073
47.1179,216.762
47.1522,163.405
47.1815,128.789
47.2111,102.561
47.2374,85.2242
47.2704,69.5853
47.2986,60.1547
47.3362,51.611
47.3737,46.375
47.4207,43.2907
47.4387,42.9869
47.4746,43.73
47.5201,47.1075
47.5892,56.1327
47.6582,65.64
47.7123,69.2432
47.7178,69.305
47.7631,67.436
47.8211,59.5578
47.944,36.1401
47.9923,29.106
48.0365,24.4692
48.0821,21.2013
48.1276,19.0414
48.2105,16.7523
48.3485,14.871
48.5888,13.2833
48.945,12.2474
49.2211,12.0333
49.4976,12.2884
49.7742,13.1687
49.997,14.6165
50.1827,16.7122
50.3312,19.4131
50.4516,22.7592
50.5516,26.8685
50.6349,31.8286
50.7136,38.6686
50.7698,45.6884
50.8228,55.0499
50.871,67.415
50.9111,82.35
50.9432,99.0096
50.9753,121.788
51.0074,153.088
51.0396,195.867
51.0725,255.041
51.1078,339.464
51.1455,456.155
51.1969,655.645
51.2901,1047.9
51.3312,1170.61
51.3751,1227.03
51.381,1227.81
51.4211,1190.08
51.4667,1067.35
51.5944,559.765
51.6345,433.434
51.6707,350.17
51.7029,301.107
51.7275,279.445
51.7561,270.856
51.7804,277.513
51.8106,303.944
51.8409,351.078
51.8745,428.307
51.9149,554.407
51.9821,824.099
52.0507,1097.02
52.0997,1221.12
52.1361,1248.83
52.1703,1219.48
52.214,1111.92
52.283,843.658
52.3561,547.417
52.3998,405.647
52.4376,311.022
52.4746,241.943
52.5103,193.537
52.546,159.122
52.5858,132.965
52.6284,115.345
52.6625,107.12
52.7056,103.008
52.7146,102.987
52.7507,105.764
52.7882,113.421
52.8494,135.11
52.9577,182.257
53.0111,194.188
53.0278,194.938
53.0745,188.958
53.13,168.988
53.2218,126.99
53.2634,113.722
53.2968,108.887
53.3079,108.699
53.3441,113.987
53.3742,126.557
53.4043,148.228
53.4314,176.843
53.4638,224.396
53.497,289.506
53.5406,399.449
53.6503,727.171
53.6961,824.387
53.7406,860.1
53.7779,838.434
53.8222,757.268
53.8945,549.191
53.9584,361.768
53.9989,265.817
54.0347,199.964
54.0658,156.445
54.0939,126.661
54.1238,102.828
54.1587,82.9131
54.1935,69.0614
54.2284,59.3078
54.2783,49.8421
54.3431,41.9918
54.4241,35.7718
54.5374,30.3021
54.6815,26.0052
54.8255,23.2424
54.9984,21.0728
55.203,19.5667
55.4076,19.1282
55.5405,19.7541
55.6428,21.3581
55.7153,23.9321
55.7661,27.2832
55.8096,32.0101
55.8444,37.6873
55.8787,45.6272
55.9131,56.5373
55.9497,72.0861
55.9955,97.6217
56.0704,150.464
56.1284,191.084
56.1711,212.858
56.2198,222.977
56.2209,222.998
56.2664,215.692
56.3208,189.029
56.4445,102.754
56.4903,76.809
56.5269,60.7312
56.5613,49.2413
56.5956,40.6948
56.6376,33.344
56.6812,28.2669
56.7247,24.8729
56.7827,21.9158
56.8552,19.5989
56.9606,17.5573
57.1362,15.6757
57.4111,14.2642
57.74,13.6898
57.794,13.684
58.0823,14.172
58.2985,15.4746
58.4383,17.2219
58.5401,19.3928
58.6248,22.2891
58.6893,25.6865
58.7486,30.4727
58.7961,36.3049
58.8393,44.2325
58.8775,54.4867
58.9118,67.5645
58.9461,85.6929
58.9792,109.382
59.0148,143.349
59.0542,192.718
59.1021,269.578
59.2267,504.686
59.2793,571.274
59.3245,590.137
59.3688,569.69
59.4234,499.094
59.5565,254.44
59.6031,185.638
59.6392,144.205
59.6722,114.694
59.7083,90.4578
59.7464,71.9229
59.7846,58.7959
59.827,48.602
59.8761,40.5418
59.9304,34.5156
59.9982,29.4254
60.0745,25.5422
60.1847,21.8246
60.317,18.9674
60.4899,16.6092
60.7442,14.5694
61.0833,13.1607
61.3718,12.6875
61.468,12.6741
61.7436,13.2298
61.909,14.3258
62.0376,16.0544
62.1234,18.0693
62.1984,20.9685
62.252,24.2877
62.301,29.0451
62.3402,34.9152
62.3745,42.4941
62.4039,51.6817
62.4333,64.3418
62.4639,82.4754
62.4945,107.135
62.5264,141.355
62.5607,189.629
62.5987,257.909
62.6501,372.707
62.7469,605.467
62.793,683.146
62.8407,714.978
62.8438,715.076
62.887,691.287
62.9404,605.817
63.0746,295.111
63.1144,220.315
63.1511,165.797
63.1818,130.623
63.2124,103.601
63.2424,83.6594
63.2767,67.0448
63.3067,56.5481
63.341,47.8459
63.3811,40.7208
63.4337,34.492
63.4967,29.6886
63.57,26.1543
63.6484,23.9627
63.7268,23.3035
63.7929,24.2095
63.8589,26.6761
64.024,35.9107
64.084,37.1209
64.1406,35.9814
64.2111,31.9309
64.3349,22.9068
64.3954,19.6438
64.4642,17.2803
64.5302,16.0787
64.6183,15.575
64.6888,15.9631
64.7555,17.3005
64.811,19.6797
64.8551,22.8548
64.9013,27.8287
64.9486,34.9373
65.018,48.7188
65.1055,67.0888
65.16,74.6568
65.2008,76.6142
65.2445,74.7069
65.3028,66.5125
65.4417,37.6896
65.4917,29.4576
65.5362,23.9963
65.5813,20.0654
65.6265,17.41
65.6862,15.228
65.7557,13.7959
65.8668,12.6083
66.0613,11.6196
66.2558,11.0834
66.8114,10.3077
67.484,9.99376
67.9775,10.2998
68.2678,11.0915
68.4551,12.2855
68.5814,13.8127
68.6655,15.5063
68.7287,17.4513
68.7846,20.0446
68.831,23.2832
68.8717,27.4604
68.9123,33.6309
68.9428,40.1903
68.9754,49.7943
69.0081,62.9318
69.0408,80.5957
69.0752,105.237
69.113,140.319
69.1598,196.065
69.2418,317.328
69.3158,420.944
69.3652,463.982
69.4034,474.96
69.4511,458.783
69.4958,417.0
69.58,298.778
69.6497,199.867
69.6968,145.836
69.736,110.985
69.7723,86.3907
69.805,69.6642
69.8413,55.9038
69.8819,45.0305
69.9225,37.5284
69.969,31.6672
70.027,26.8255
70.1025,22.8119
70.1969,19.6464
70.329,16.9004
70.4741,15.0165
70.6918,13.2777
71.0112,11.8277
71.5192,10.6139
72.303,9.67167
73.7694,8.81399
75.329,8.42012
75.8999,8.64161
76.1506,9.12294
76.3024,9.88108
76.3817,10.7071
76.4479,11.9646
76.4987,13.6255
76.5433,15.9331
76.5823,18.9316
76.6212,23.1837
76.6602,29.0244
76.7024,37.4252
76.7494,49.4678
76.8489,81.1985
76.922,102.133
76.9749,110.652
77.0043,111.977
77.0535,108.442
77.1003,99.1972
77.2033,68.463
77.266,50.5672
77.3126,40.2322
77.3523,33.8972
77.3898,30.004
77.4229,28.1685
77.4505,27.7063
77.4878,28.499
77.5294,31.0906
77.5919,37.6135
77.7057,51.9678
77.7645,56.6404
77.8037,57.5521
77.8511,56.0406
77.9027,51.5361
78.0581,31.7467
78.1094,26.9359
78.158,24.0751
78.1954,23.0773
78.2133,22.9876
78.2492,23.6238
78.2851,25.4864
78.321,28.8447
78.3581,34.3063
78.3952,42.3695
78.4322,53.7004
78.4693,68.9393
78.5092,90.2202
78.5562,121.734
78.7002,235.076
78.7544,263.593
78.8045,272.778
78.8547,263.316
78.9169,229.454
79.0637,116.245
79.1147,84.8872
79.1578,64.5186
79.1963,50.8235
79.2305,41.6741
79.27,33.9355
79.3115,28.2502
79.353,24.3298
79.4083,20.8961
79.4774,18.3441
79.5559,16.8583
79.6082,16.5235
79.6866,17.0901
79.7582,18.9439
79.838,22.53
79.9619,28.9895
80.0313,30.8877
80.0509,31.0054
80.1051,30.3042
80.1849,27.0611
80.295,21.5102
80.3501,19.746
80.3913,19.2904
80.4432,20.0936
80.4778,21.6713
80.5211,25.0649
80.5613,29.8608
80.6055,37.1385
80.6588,48.6419
80.7878,81.7309
80.8461,92.4811
80.9007,96.2561
80.9043,96.2566
80.9539,93.1188
81.0178,81.6478
81.1679,43.7
81.2215,33.0381
81.2682,26.0757
81.3095,21.5466
81.3586,17.7954
81.4077,15.3333
81.4498,13.9199
81.5059,12.6697
81.6153,11.3215
81.7976,10.2814
82.05,9.62576
82.4183,9.26797
82.534,9.24973
82.891,9.52701
83.123,10.1904
83.2926,11.252
83.4057,12.5767
83.492,14.3209
83.5515,16.2748
83.5961,18.4708
83.6407,21.6971
83.6779,25.5831
83.7166,31.313
83.7534,38.9821
83.7902,49.5206
83.827,63.6693
83.8646,82.5123
83.9092,111.255
83.965,156.384
84.087,267.379
84.147,305.925
84.2033,319.033
84.2524,309.518
84.313,274.158
84.4655,143.358
84.5139,110.262
84.553,90.0282
84.586,77.7021
84.6256,68.3896
84.667,64.482
84.6776,64.3486
84.7122,66.0895
84.763,73.7195
84.9154,110.164
84.9797,118.26
84.9992,118.719
85.0542,114.577
85.1185,100.839
85.2695,55.2716
85.3234,42.1134
85.3703,33.3484
85.419,26.7067
85.4684,22.041
85.5248,18.547
85.5813,16.3267
85.6645,14.349
85.7929,12.6773
85.9735,11.3865
86.1851,10.4895
86.6648,9.38464
87.2573,8.68077
88.5839,7.91996
89.0837,7.81812
89.5419,7.99729
89.7308,8.38545
89.8266,8.86261
89.8904,9.46248
89.9488,10.4138
90.0015,11.8593
90.0477,13.8441
90.0939,16.7898
90.1397,20.948
90.1897,27.1377
90.2473,36.4368
90.3834,62.254
90.4445,70.5397
90.5043,73.4915
90.5533,71.4911
90.6166,63.7429
90.7787,34.1995
90.8315,26.4474
90.8777,21.229
90.9263,17.2158
90.9749,14.4497
91.0304,12.4055
91.0998,10.9228
91.1821,10.0077
91.3192,9.36759
91.4442,9.2211
91.625,9.52017
91.7606,10.3262
91.8338,11.2107
91.9038,12.6977
91.9598,14.7285
92.0088,17.5443
92.0543,21.4702
92.0983,26.9439
92.1424,34.5254
92.1865,44.6062
92.2411,60.8286
92.3083,85.977
92.4899,162.037
92.5896,192.949
92.6814,208.433
92.721,209.926
92.7963,201.638
92.8694,178.791
92.9722,129.657
93.0639,84.7179
93.1218,61.9426
93.1663,48.3454
93.2086,38.4263
93.2506,31.1135
93.2926,25.8209
93.3406,21.6241
93.399,18.3452
93.4564,16.3817
93.5253,15.0745
93.5869,14.6492
93.6448,14.9012
93.7028,15.9181
93.7635,17.9834
93.8241,21.1599
93.9897,32.6932
94.0559,35.7396
94.1009,36.3981
94.1607,35.2683
94.231,31.4505
94.3869,19.9547
94.4538,16.2003
94.5124,13.9084
94.5828,12.2072
94.6572,11.2837
94.7634,10.8733
94.7751,10.8714
94.8804,11.1672
94.9841,12.1492
95.0551,13.5779
95.1119,15.6076
95.1545,18.0131
95.1943,21.2951
95.2341,25.9762
95.2738,32.515
95.3136,41.3913
95.3545,53.3714
95.4028,71.5929
95.4685,102.744
95.5807,160.706
95.6375,182.26
95.6938,192.101
95.708,192.448
95.7545,187.479
95.8193,167.03
95.9791,91.853
96.0303,73.1504
96.075,61.6521
96.1087,56.2649
96.1479,53.605
96.1535,53.5451
96.1814,54.4361
96.2148,58.0926
96.2565,66.5699
96.3062,82.019
96.3766,111.867
96.4839,161.703
96.5431,180.86
96.6006,187.631
96.6609,180.283
96.7219,159.802
96.8873,81.4993
96.9417,60.8677
96.9888,47.1193
97.0265,38.7493
97.0715,31.3816
97.115,26.4107
97.1658,22.5782
97.2239,19.9565
97.2964,18.3063
97.3718,17.7638
97.4672,18.3282
97.5388,19.7666
97.5944,21.789
97.6421,24.5202
97.6898,28.6966
97.7295,33.8397
97.7692,41.1764
97.8089,51.5494
97.8455,64.6466
97.8813,81.6106
97.917,103.469
97.9623,139.115
98.0139,190.988
98.1029,301.619
98.1824,400.11
98.2434,453.596
98.301,473.065
98.3043,473.131
98.3585,457.923
98.4208,407.137
98.594,197.762
98.6456,146.937
98.6917,111.26
98.7354,85.4874
98.7752,67.9247
98.8149,54.8777
98.8594,44.361
98.9039,36.9734
98.9484,31.7428
99.0068,27.0074
99.0675,23.666
99.1485,20.6534
99.2699,17.8106
99.3761,16.2735
99.5075,15.2762
99.5403,15.207
99.618,15.4933
99.6865,16.5867
99.746,18.6001
99.7935,21.242
99.8411,25.0462
99.8978,31.275
99.9775,42.8172
100.088,59.8033
100.16,66.7877
100.204,68.1047
100.268,65.5175
100.337,57.6607
100.494,33.9154
100.557,26.5594
100.611,22.0047
100.665,19.0904
100.715,17.5222
100.765,16.9651
100.809,17.2696
100.862,18.7594
100.902,20.8802
100.948,24.7713
100.995,30.5956
101.041,38.7277
101.095,51.4464
101.168,73.3356
101.276,108.849
101.338,123.649
101.401,129.78
101.407,129.819
101.465,125.239
101.532,110.712
101.675,69.3135
101.73,57.7366
101.769,52.1897
101.821,48.4855
101.846,48.0559
101.899,49.371
102.049,57.9012
102.088,58.507
102.156,56.2817
102.228,49.665
102.394,28.8555
102.461,22.3126
102.52,18.1728
102.582,15.1771
102.652,13.1285
102.736,11.7578
102.838,10.8973
102.976,10.3325
103.186,10.0666
103.382,10.344
103.494,10.8547
103.607,11.8946
103.693,13.4681
103.752,15.3912
103.804,18.1023
103.849,21.6491
103.886,25.8568
103.928,32.4098
103.968,41.1022
104.008,52.6545
104.055,70.2893
104.11,97.3438
104.204,153.753
104.29,204.19
104.347,226.744
104.404,234.945
104.455,228.761
104.513,207.571
104.611,151.718
104.699,100.32
104.755,73.9216
104.804,56.1129
104.849,43.9711
104.89,35.6079
104.935,29.1823
104.979,24.7351
105.024,21.7133
105.083,19.2003
105.15,17.7608
105.206,17.4191
105.262,17.8724
105.324,19.5882
105.373,22.3042
105.416,26.0843
105.459,31.6066
105.503,39.376
105.546,49.7163
105.599,65.7142
105.677,95.8645
105.784,138.737
105.843,155.112
105.901,161.51
105.907,161.548
105.97,155.036
106.033,137.275
106.201,72.669
106.254,56.6379
106.306,44.4517
106.35,37.0909
106.396,31.9424
106.434,29.5515
106.48,28.5382
106.517,29.255
106.557,31.7411
106.598,36.2955
106.638,43.3526
106.678,53.4278
106.719,67.1338
106.767,88.4314
106.823,119.614
106.984,225.656
107.043,252.365
107.103,262.497
107.166,252.277
107.228,224.401
107.401,112.029
107.46,81.5213
107.508,62.1875
107.547,50.0028
107.586,40.656
107.629,32.9858
107.673,27.5077
107.724,23.0909
107.782,19.7598
107.847,17.331
107.949,15.0129
108.101,13.043
108.263,11.8319
108.443,11.0423
108.684,10.6882
108.78,10.855
108.881,11.4594
108.948,12.3773
109.01,13.9594
109.053,15.7275
109.104,18.8431
109.146,22.7436
109.189,28.0994
109.238,36.253
109.292,48.1808
109.37,69.4827
109.474,99.7499
109.537,112.855
109.601,118.142
109.604,118.16
109.666,113.808
109.734,100.239
109.903,52.8544
109.961,39.7641
110.01,31.1774
110.058,24.7444
110.101,20.6199
110.149,17.2542
110.207,14.6232
110.264,12.9368
110.35,11.4166
110.438,10.5001
110.619,9.48417
110.859,8.86236
111.088,8.71012
111.327,9.07608
111.47,9.79216
111.58,10.9576
111.657,12.5203
111.713,14.432
111.757,16.8132
111.796,19.8703
111.834,24.1752
111.87,29.9954
111.907,38.0142
111.944,48.8508
111.98,63.1443
112.02,83.11
112.066,113.232
112.126,161.787
112.267,297.714
112.335,345.394
112.396,363.46
112.404,363.693
112.465,349.57
112.535,303.599
112.701,150.139
112.754,110.926
112.8,83.5
112.842,64.6492
112.884,50.6645
112.921,41.6954
112.963,34.4491
113.0,30.3457
113.037,27.7885
113.073,26.5406
113.098,26.3864
113.144,27.6375
113.18,30.2432
113.216,34.6937
113.251,41.5653
113.287,51.6167
113.323,65.7671
113.356,83.2081
113.393,108.944
113.434,146.229
113.483,202.586
113.543,291.111
113.679,511.888
113.738,581.201
113.8,611.157
113.807,611.465
113.862,591.781
113.915,538.919
114.003,406.434
114.098,257.242
114.15,189.219
114.194,144.348
114.237,109.447
114.277,84.7204
114.317,66.6835
114.357,53.6239
114.397,44.2974
114.444,36.7631
114.492,31.5203
114.551,27.3183
114.62,24.0321
114.713,21.2108
114.83,18.9532
115.031,16.7063
115.232,15.6936
115.333,15.5682
115.512,16.1229
115.608,17.0842
115.705,18.9815
115.769,21.2283
115.817,23.7928
115.872,28.3573
115.92,34.3241
115.959,41.3863
115.999,50.9913
116.04,64.4334
116.086,84.3768
116.136,113.04
116.195,156.577
116.303,255.118
116.383,324.404
116.447,361.308
116.505,373.092
116.564,360.842
116.637,316.829
116.819,156.631
116.873,118.011
116.923,89.8385
116.965,71.6486
117.007,57.6643
117.052,46.4403
117.097,38.3348
117.149,31.7257
117.202,27.2094
117.271,23.2549
117.343,20.5441
117.44,18.1718
117.585,15.9996
117.707,14.9192
117.855,14.4013
117.952,14.835
118.024,16.0179
118.087,18.1074
118.137,20.8487
118.192,25.2446
118.251,31.9425
118.317,42.0008
118.477,70.4547
118.551,79.1546
118.605,81.1927
118.67,78.3074
118.74,69.58
118.92,37.9804
118.987,28.8332
119.043,23.1434
119.092,19.5114
119.148,16.6007
119.204,14.6641
119.276,13.0921
119.349,12.1447
119.494,11.1019
119.774,10.1588
120.053,9.67412
120.67,9.26221
120.719,9.25918
121.255,9.58479
121.621,10.4339
121.884,11.7289
122.096,13.6356
122.237,15.732
122.367,18.723
122.464,22.1917
122.542,26.2899
122.61,31.5141
122.664,37.3407
122.719,45.7203
122.768,56.3352
122.811,69.0
122.859,87.7734
122.906,113.096
122.953,145.508
123.008,195.291
123.068,265.697
123.181,425.583
123.273,553.44
123.333,611.012
123.401,637.829
123.408,637.856
123.478,611.096
123.558,528.907
123.731,291.176
123.792,223.928
123.846,179.231
123.897,149.786
123.948,132.755
123.988,127.483
124.011,127.364
124.057,132.852
124.109,147.282
124.214,191.99
124.307,230.213
124.378,244.629
124.397,245.334
124.464,236.371
124.54,207.497
124.723,108.605
124.787,81.0036
124.841,63.2862
124.892,50.8801
124.943,42.0335
124.994,35.969
125.052,31.5367
125.119,28.7487
125.186,27.7859
125.259,28.6406
125.314,30.9576
125.37,35.3942
125.418,41.8182
125.463,50.8192
125.506,62.7328
125.548,78.8452
125.596,102.902
125.651,139.24
125.721,198.883
125.87,338.734
125.935,382.217
126.001,400.224
126.006,400.333
126.065,388.494
126.137,345.305
126.334,167.372
126.396,122.333
126.446,94.6103
126.491,74.8364
126.537,59.9306
126.577,50.1419
126.63,40.616
126.677,34.8521
126.739,29.5346
126.816,25.2293
126.917,21.7164
127.056,18.7154
127.23,16.3843
127.405,14.862
127.625,13.6204
127.846,13.0839
127.962,13.4275
128.051,14.468
128.126,16.3275
128.188,18.8805
128.262,23.2977
128.364,31.7199
128.489,42.1957
128.56,45.7547
128.606,46.4622
128.678,44.8604
128.766,39.1656
128.922,26.286
128.999,21.5555
129.066,18.9896
129.134,17.8799
129.147,17.8456
129.199,18.294
129.251,19.7706
129.302,22.4635
129.358,26.9709
129.417,33.9313
129.485,45.0138
129.601,68.7031
129.704,88.8023
129.781,97.4317
129.832,99.0267
129.907,95.6723
130.042,82.3977
130.103,79.9176
130.145,81.9717
130.187,88.3626
130.233,101.708
130.277,122.591
130.321,152.928
130.369,197.451
130.422,264.308
130.487,369.469
130.665,711.149
130.737,807.118
130.802,841.799
130.809,842.077
130.874,811.758
130.946,719.478
131.138,364.257
131.203,266.515
131.255,204.377
131.307,156.694
131.354,124.026
131.402,99.7728
131.449,81.9877
131.506,66.9526
131.568,55.5471
131.639,46.7154
131.728,39.3527
131.835,33.5206
131.967,28.7142
132.099,25.5163
132.256,23.3071
132.32,23.025
132.41,23.6807
132.478,25.5071
132.543,28.8873
132.607,34.1997
132.681,43.0853
132.884,74.836
132.966,82.6926
133.014,83.9514
133.091,80.5662
133.202,67.6137
133.298,55.7916
133.349,51.81
133.402,50.2658
133.454,51.5437
133.525,57.4548
133.705,80.2666
133.782,85.0349
133.799,85.2031
133.87,82.2283
133.951,72.5544
134.121,45.2186
134.185,37.3157
134.248,32.0674
134.308,29.6308
134.346,29.2239
134.409,30.1695
134.534,35.4219
134.633,39.2152
134.693,39.9725
134.761,38.949
134.855,34.5854
135.04,22.6637
135.131,18.3019
135.197,16.1182
135.276,14.3926
135.371,13.182
135.53,12.2005
135.807,11.4427
136.264,11.0058
136.464,11.1394
136.673,11.7266
136.812,12.6764
136.915,14.046
136.997,16.0462
137.046,17.9741
137.103,21.3982
137.15,25.6148
137.196,31.5949
137.236,38.8657
137.276,48.6043
137.322,63.4936
137.365,81.582
137.416,109.661
137.48,153.857
137.669,310.13
137.734,348.389
137.801,364.677
137.81,364.856
137.882,349.328
137.961,303.025
138.143,156.937
138.206,116.185
138.26,88.6469
138.311,68.6804
138.363,53.9984
138.411,44.1342
138.465,36.2078
138.528,30.1227
138.59,26.0818
138.669,22.6966
138.787,19.572
138.922,17.3659
139.124,15.3345
139.308,14.2098
139.542,13.564
139.677,13.9625
139.751,14.8374
139.822,16.567
139.879,18.9389
139.931,22.2183
139.991,27.5104
140.061,36.0129
140.155,50.7913
140.282,71.0141
140.357,78.4135
140.413,80.0527
140.485,76.7745
140.571,66.5656
140.742,40.1624
140.804,32.8308
140.866,27.7246
140.907,25.6004
140.959,24.3069
140.986,24.2114
141.037,24.9654
141.112,27.8832
141.303,38.3802
141.389,40.3863
141.397,40.4042
141.478,38.8898
141.572,33.8699
141.744,22.0727
141.826,17.7247
141.885,15.4654
141.96,13.4868
142.043,12.1485
142.154,11.1854
142.349,10.4059
142.675,9.77458
143.575,8.92569
143.977,8.7914
144.353,8.96789
144.549,9.38273
144.698,10.158
144.782,11.0558
144.846,12.2078
144.909,14.1021
144.965,16.8332
145.016,20.5439
145.059,25.0321
145.103,31.0635
145.154,40.4571
145.204,52.727
145.27,72.8089
145.461,144.279
145.537,163.888
145.606,170.132
145.678,163.209
145.748,145.364
145.944,74.5391
146.01,55.0662
146.065,42.7813
146.113,34.8008
146.162,29.1427
146.203,25.9104
146.256,23.6751
146.291,23.2549
146.344,24.1608
146.389,26.4472
146.434,30.2096
146.491,37.1134
146.557,48.2183
146.656,69.5997
146.761,92.8886
146.843,105.195
146.904,108.238
146.97,104.95
147.042,94.4581
147.246,50.7775
147.312,39.6889
147.363,33.3672
147.414,29.1
147.465,26.8682
147.491,26.5175
147.534,27.1394
147.577,29.4242
147.621,33.6097
147.664,40.0245
147.708,49.0517
147.758,63.2436
147.812,83.247
147.875,113.189
148.069,220.573
148.143,247.643
148.205,255.673
148.275,246.782
148.346,220.516
148.55,112.004
148.616,84.4242
148.669,67.2623
148.716,56.3202
148.757,49.7534
148.797,45.568
148.844,43.482
148.852,43.4255
148.899,44.7827
148.945,49.234
148.992,57.2529
149.038,69.5631
149.085,87.0662
149.133,111.761
149.181,143.949
149.24,193.964
149.324,281.928
149.475,454.378
149.566,526.6
149.657,556.636
149.689,558.344
149.815,550.848
149.927,571.54
150.135,673.403
150.17,677.832
150.243,658.718
150.328,586.791
150.448,425.727
150.557,277.844
150.624,204.02
150.681,155.222
150.732,122.298
150.782,97.5357
150.834,78.8306
150.893,63.9958
150.944,55.0569
151.011,46.7469
151.085,40.5849
151.182,35.3481
151.302,31.2567
151.398,29.4
151.471,28.9311
151.546,29.6948
151.621,32.4195
151.682,36.7033
151.741,43.2736
151.799,52.6311
151.87,67.6511
152.067,119.164
152.151,133.256
152.208,136.382
152.277,132.149
152.359,117.147
152.564,63.589
152.637,48.742
152.696,39.4528
152.762,32.023
152.833,26.7502
152.907,23.2815
152.995,20.7822
153.108,18.9986
153.274,17.8375
153.315,17.7893
153.434,18.468
153.531,20.3888
153.609,23.1552
153.709,28.3492
153.886,38.6476
153.973,41.2235
154.001,41.4083
154.089,39.8424
154.194,34.5003
154.366,23.7584
154.444,20.0537
154.537,17.0206
154.616,15.435
154.721,14.2478
154.923,13.3453
155.125,13.141
155.338,13.6003
155.441,14.4178
155.518,15.6882
155.582,17.5846
155.639,20.3357
155.691,24.1306
155.742,29.6665
155.793,37.4832
155.84,46.8965
155.897,62.0895
155.964,84.8148
156.159,164.593
156.236,186.321
156.306,193.558
156.37,188.147
156.447,168.495
156.589,112.149
156.676,79.271
156.738,60.4284
156.798,46.271
156.849,37.2586
156.901,30.6209
156.952,25.8544
157.017,21.7891
157.075,19.3567
157.169,16.9409
157.31,14.9787
157.504,13.5307
157.798,12.3222
158.187,11.4645
158.667,11.0992
158.936,11.4086
159.104,12.1254
159.204,13.0852
159.29,14.6568
159.359,16.9101
159.41,19.5953
159.462,23.5771
159.513,29.2781
159.56,36.6431
159.607,46.5033
159.66,61.3526
159.721,82.9957
159.801,119.251
159.957,195.31
160.035,221.471
160.106,230.038
160.181,221.344
160.252,198.181
160.467,98.5375
160.537,73.1071
160.593,57.382
160.643,47.2416
160.693,40.1312
160.746,35.4303
160.796,33.4949
160.821,33.3835
160.873,35.0234
160.912,38.0799
160.957,44.0033
161.003,53.029
161.05,66.4255
161.097,84.9927
161.15,112.565
161.209,152.71
161.283,216.388
161.451,381.215
161.535,439.277
161.608,457.419
161.678,442.697
161.761,389.906
161.973,191.927
162.044,138.929
162.102,105.519
162.155,82.451
162.205,66.1073
162.259,53.2299
162.313,44.1105
162.367,37.6771
162.444,31.5449
162.535,27.0203
162.663,23.1736
162.845,19.9131
163.028,17.8538
163.352,15.5615
163.835,13.6061
164.309,12.4198
165.239,10.9733
166.131,10.1824
166.481,10.0942
166.761,10.2552
167.041,10.93
167.209,11.9674
167.32,13.3373
167.404,15.1615
167.474,17.7024
167.528,20.7053
167.575,24.5445
167.622,29.9614
167.669,37.5286
167.717,47.9255
167.762,61.3009
167.81,79.7538
167.863,105.604
167.926,144.834
168.015,213.331
168.139,314.158
168.216,361.17
168.289,382.646
168.308,383.855
168.384,370.013
168.473,321.454
168.68,163.202
168.747,121.699
168.807,92.3519
168.864,71.4342
168.921,56.1025
168.977,45.3334
169.035,37.5276
169.093,32.164
169.16,28.0432
169.254,24.4716
169.344,22.6313
169.433,21.9306
169.523,22.5605
169.597,24.636
169.656,27.8595
169.715,33.0999
169.767,39.8714
169.825,50.3856
169.887,65.6783
169.959,88.6966
170.152,161.19
170.23,181.476
170.305,188.715
170.374,183.323
170.445,167.056
170.663,91.9847
170.725,76.1717
170.783,66.5001
170.83,62.9537
170.853,62.6447
170.899,64.9123
170.954,72.8116
171.01,86.0665
171.086,111.325
171.263,180.421
171.34,200.292
171.405,206.07
171.474,199.93
171.546,181.647
171.671,132.721
171.779,89.5632
171.849,67.2273
171.913,51.671
171.969,41.4419
172.027,33.9121
172.087,28.6011
172.156,24.7342
172.224,22.457
172.292,21.2311
172.395,20.7422
172.488,21.5343
172.551,22.891
172.613,25.2523
172.662,28.1657
172.716,32.9387
172.76,38.7374
172.805,46.8435
172.849,58.0335
172.894,73.2274
172.938,92.9836
172.986,121.495
173.034,158.146
173.093,214.906
173.168,306.431
173.35,555.794
173.422,626.996
173.501,661.028
173.513,661.536
173.578,642.468
173.657,576.608
173.789,407.014
173.892,274.481
173.962,202.395
174.02,154.705
174.074,121.41
174.127,96.3662
174.181,77.9773
174.234,64.671
174.297,53.7656
174.359,46.2486
174.439,39.7146
174.546,34.1376
174.679,29.8057
174.839,26.92
174.94,26.4269
175.041,27.4933
175.133,30.4569
175.225,35.7405
175.373,48.0529
175.494,57.4213
175.587,60.8323
175.608,60.9418
175.692,58.7934
175.796,51.5263
175.987,34.111
176.087,27.2676
176.171,23.3147
176.267,20.461
176.389,18.5085
176.551,17.2599
176.859,16.3359
176.921,16.2952
177.083,16.5984
177.199,17.6613
177.277,19.3076
177.335,21.4298
177.399,25.1078
177.459,30.2548
177.519,37.5095
177.586,48.5562
177.672,66.904
177.848,110.048
177.934,124.683
178.008,129.102
178.09,124.159
178.173,109.952
178.392,58.6016
178.466,44.964
178.533,35.6223
178.601,28.9468
178.665,24.5738
178.743,21.1671
178.84,18.724
178.956,17.1888
179.124,16.144
179.292,15.7949
179.445,16.1394
179.526,16.8416
179.607,18.3084
179.667,20.2848
179.728,23.4654
179.782,27.7998
179.837,34.0242
179.891,42.624
179.953,55.8653
180.021,74.6341
180.126,111.059
180.257,157.219
180.339,176.669
180.414,182.658
180.49,175.871
180.568,157.436
180.789,82.6287
180.864,62.1629
180.927,48.7346
180.99,39.0326
181.044,32.8635
181.106,27.8716
181.172,24.3404
181.246,21.7176
181.371,19.2037
181.52,17.5825
181.831,15.8485
182.391,14.4133
183.219,13.4609
183.3,13.4184
183.3,70.5571
219.141,65.0378
222.887,64.4607
262.475,59.8025
313.797,55.4254
341.65,53.0499
408.453,49.049
420.825,48.308
500.0,44.7437
597.765,41.4754
625.0,40.5649
747.206,37.5503
750.0,37.4814
875.0,35.0859
1000.0,33.1557
1195.53,30.8487
1250.0,30.206
1494.41,28.079
1500.0,28.0303
1750.0,26.3406
2000.0,24.9796
2391.06,23.3537
2500.0,22.9007
2988.82,21.4025
3000.0,21.3683
3500.0,20.1789
4000.0,19.2213
4500.0,18.4292
5000.0,17.7599
5500.0,17.1848
6000.0,16.6837
6500.0,16.2421
7000.0,15.8491
7500.0,15.4964
8000.0,15.1777
8500.0,14.8878
9000.0,14.6227
9500.0,14.3789
10000.0,14.1539
11955.3,13.4404
12500.0,13.2416
14944.1,12.5853
15000.0,12.5703
17932.9,12.0196
20000.0,11.6314
23910.6,11.1316
25000.0,10.9923
29888.2,10.5312
30000.0,10.5207
35000.0,10.1534
40000.0,9.85615
45000.0,9.60854
50000.0,9.39755
55000.0,9.21447
60000.0,9.0532
60400.0,9.0411
60400.0,9.04058
105000.0,8.22769
170000.0,7.74628
358659.0,7.34628
400000.0,7.30988
900000.0,7.3567
1700000.0,6.92476
2500000.0,6.36693
4500000.0,5.30895
6000000.0,4.94416
8000000.0,4.82013
1.5E7,5.19549
2.0E7,5.03869
