1.000000e-11  6.419718e+05  0.000000e+00
5.000000e-09  1.058035e+06  0.000000e+00
1.000000e-08  1.240865e+06  0.000000e+00
1.500000e-08  1.332334e+06  0.000000e+00
2.000000e-08  1.370687e+06  0.000000e+00
2.500000e-08  1.375049e+06  0.000000e+00
3.000000e-08  1.356480e+06  0.000000e+00
3.500000e-08  1.313627e+06  0.000000e+00
4.200000e-08  1.241469e+06  0.000000e+00
5.000000e-08  1.152079e+06  0.000000e+00
5.800000e-08  1.051307e+06  0.000000e+00
6.700000e-08  9.212727e+05  0.000000e+00
8.000000e-08  7.420327e+05  0.000000e+00
1.000000e-07  4.846264e+05  0.000000e+00
1.400000e-07  3.099844e+05  0.000000e+00
1.800000e-07  2.475194e+05  0.000000e+00
2.200000e-07  2.102409e+05  0.000000e+00
2.500000e-07  1.864087e+05  0.000000e+00
2.800000e-07  1.702580e+05  0.000000e+00
3.000000e-07  1.592149e+05  0.000000e+00
3.200000e-07  1.473693e+05  0.000000e+00
3.500000e-07  1.317004e+05  0.000000e+00
4.000000e-07  1.100346e+05  0.000000e+00
5.000000e-07  8.799964e+04  0.000000e+00
6.250000e-07  7.043917e+04  0.000000e+00
7.800000e-07  6.048452e+04  0.000000e+00
8.500000e-07  5.600577e+04  0.000000e+00
9.100000e-07  5.298888e+04  0.000000e+00
9.500000e-07  5.126683e+04  0.000000e+00
9.720000e-07  5.008252e+04  0.000000e+00
9.960000e-07  4.887603e+04  0.000000e+00
1.020000e-06  4.772570e+04  0.000000e+00
1.045000e-06  4.658820e+04  0.000000e+00
1.071000e-06  4.547754e+04  0.000000e+00
1.097000e-06  4.440460e+04  0.000000e+00
1.123000e-06  4.339104e+04  0.000000e+00
1.150000e-06  4.026686e+04  0.000000e+00
1.300000e-06  3.523342e+04  0.000000e+00
1.500000e-06  2.760551e+04  0.000000e+00
2.100000e-06  2.102297e+04  0.000000e+00
2.600000e-06  1.677633e+04  0.000000e+00
3.300000e-06  1.353457e+04  0.000000e+00
4.000000e-06  7.575710e+03  0.000000e+00
9.877000e-06  3.883357e+03  0.000000e+00
1.597000e-05  2.313532e+03  0.000000e+00
2.770000e-05  1.333394e+03  0.000000e+00
4.805000e-05  8.109767e+02  0.000000e+00
7.550000e-05  4.561372e+02  0.000000e+00
1.487000e-04  2.036160e+02  0.000000e+00
3.673000e-04  8.248667e+01  0.000000e+00
9.069000e-04  4.295161e+01  0.000000e+00
1.425000e-03  2.733625e+01  0.000000e+00
2.239000e-03  1.738393e+01  0.000000e+00
3.519000e-03  1.106474e+01  0.000000e+00
5.530000e-03  6.862084e+00  0.000000e+00
9.118000e-03  4.162884e+00  0.000000e+00
1.503000e-02  2.525210e+00  0.000000e+00
2.478000e-02  1.531468e+00  0.000000e+00
4.085000e-02  9.290549e-01  0.000000e+00
6.734000e-02  5.634572e-01  0.000000e+00
1.110000e-01  3.418136e-01  0.000000e+00
1.830000e-01  2.070334e-01  0.000000e+00
3.025000e-01  1.252691e-01  0.000000e+00
5.000000e-01  7.605123e-02  0.000000e+00
8.210000e-01  4.956806e-02  0.000000e+00
1.353000e+00  3.849241e-02  0.000000e+00
2.231000e+00  2.140702e-02  0.000000e+00
3.679000e+00  6.696398e-03  0.000000e+00
6.066000e+00  0.000000e+00  0.000000e+00
