1.000000e-11  1.010760e-01  0.000000e+00
5.000000e-09  1.559053e+02  0.000000e+00
1.000000e-08  2.491910e+03  0.000000e+00
1.500000e-08  1.061930e+04  0.000000e+00
2.000000e-08  2.746823e+04  0.000000e+00
2.500000e-08  5.128879e+04  0.000000e+00
3.000000e-08  8.293909e+04  0.000000e+00
3.500000e-08  1.289461e+05  0.000000e+00
4.200000e-08  1.956427e+05  0.000000e+00
5.000000e-08  2.657763e+05  0.000000e+00
5.800000e-08  3.405400e+05  0.000000e+00
6.700000e-08  4.173569e+05  0.000000e+00
8.000000e-08  4.886902e+05  0.000000e+00
1.000000e-07  5.018328e+05  0.000000e+00
1.400000e-07  4.666401e+05  0.000000e+00
1.800000e-07  4.306986e+05  0.000000e+00
2.200000e-07  3.498538e+05  0.000000e+00
2.500000e-07  2.834089e+05  0.000000e+00
2.800000e-07  2.530134e+05  0.000000e+00
3.000000e-07  2.574273e+05  0.000000e+00
3.200000e-07  2.874346e+05  0.000000e+00
3.500000e-07  3.459579e+05  0.000000e+00
4.000000e-07  4.179056e+05  0.000000e+00
5.000000e-07  4.281233e+05  0.000000e+00
6.250000e-07  3.917038e+05  0.000000e+00
7.800000e-07  3.498987e+05  0.000000e+00
8.500000e-07  3.216825e+05  0.000000e+00
9.100000e-07  2.957493e+05  0.000000e+00
9.500000e-07  2.778544e+05  0.000000e+00
9.720000e-07  2.616241e+05  0.000000e+00
9.960000e-07  2.445087e+05  0.000000e+00
1.020000e-06  2.231736e+05  0.000000e+00
1.045000e-06  1.992600e+05  0.000000e+00
1.071000e-06  1.754525e+05  0.000000e+00
1.097000e-06  1.563174e+05  0.000000e+00
1.123000e-06  1.512408e+05  0.000000e+00
1.150000e-06  2.360608e+05  0.000000e+00
1.300000e-06  2.912923e+05  0.000000e+00
1.500000e-06  2.357096e+05  0.000000e+00
2.100000e-06  1.878336e+05  0.000000e+00
2.600000e-06  1.342280e+05  0.000000e+00
3.300000e-06  1.051027e+05  0.000000e+00
4.000000e-06  5.134521e+04  0.000000e+00
9.877000e-06  2.667018e+04  0.000000e+00
1.597000e-05  1.383266e+04  0.000000e+00
2.770000e-05  8.523237e+03  0.000000e+00
4.805000e-05  5.378943e+03  0.000000e+00
7.550000e-05  3.661927e+03  0.000000e+00
1.487000e-04  1.686352e+03  0.000000e+00
3.673000e-04  7.303976e+02  0.000000e+00
9.069000e-04  3.962852e+02  0.000000e+00
1.425000e-03  2.571821e+02  0.000000e+00
2.239000e-03  1.651629e+02  0.000000e+00
3.519000e-03  1.060438e+02  0.000000e+00
5.530000e-03  6.641985e+01  0.000000e+00
9.118000e-03  4.047489e+01  0.000000e+00
1.503000e-02  2.466721e+01  0.000000e+00
2.478000e-02  1.500903e+01  0.000000e+00
4.085000e-02  9.123370e+00  0.000000e+00
6.734000e-02  5.544436e+00  0.000000e+00
1.110000e-01  3.368684e+00  0.000000e+00
1.830000e-01  2.043579e+00  0.000000e+00
3.025000e-01  1.237194e+00  0.000000e+00
5.000000e-01  7.489151e-01  0.000000e+00
8.210000e-01  4.496416e-01  0.000000e+00
1.353000e+00  9.722249e-02  0.000000e+00
2.231000e+00  3.715390e-02  0.000000e+00
3.679000e+00  1.035564e-02  0.000000e+00
6.066000e+00  0.000000e+00  0.000000e+00
