1.000000e-11  1.709506e-05  0.000000e+00
5.000000e-09  9.826602e-01  0.000000e+00
1.000000e-08  6.919010e+01  0.000000e+00
1.500000e-08  7.146400e+02  0.000000e+00
2.000000e-08  3.308331e+03  0.000000e+00
2.500000e-08  9.242592e+03  0.000000e+00
3.000000e-08  2.065889e+04  0.000000e+00
3.500000e-08  4.220321e+04  0.000000e+00
4.200000e-08  8.300018e+04  0.000000e+00
5.000000e-08  1.430347e+05  0.000000e+00
5.800000e-08  2.189129e+05  0.000000e+00
6.700000e-08  3.214924e+05  0.000000e+00
8.000000e-08  4.540611e+05  0.000000e+00
1.000000e-07  5.747631e+05  0.000000e+00
1.400000e-07  6.544745e+05  0.000000e+00
1.800000e-07  7.265975e+05  0.000000e+00
2.200000e-07  7.184177e+05  0.000000e+00
2.500000e-07  6.868988e+05  0.000000e+00
2.800000e-07  6.680327e+05  0.000000e+00
3.000000e-07  6.658500e+05  0.000000e+00
3.200000e-07  6.771630e+05  0.000000e+00
3.500000e-07  6.897305e+05  0.000000e+00
4.000000e-07  6.519224e+05  0.000000e+00
5.000000e-07  6.103419e+05  0.000000e+00
6.250000e-07  5.434753e+05  0.000000e+00
7.800000e-07  4.829101e+05  0.000000e+00
8.500000e-07  4.506160e+05  0.000000e+00
9.100000e-07  4.256153e+05  0.000000e+00
9.500000e-07  4.099148e+05  0.000000e+00
9.720000e-07  3.976306e+05  0.000000e+00
9.960000e-07  3.844377e+05  0.000000e+00
1.020000e-06  3.695266e+05  0.000000e+00
1.045000e-06  3.530959e+05  0.000000e+00
1.071000e-06  3.361440e+05  0.000000e+00
1.097000e-06  3.209138e+05  0.000000e+00
1.123000e-06  3.128681e+05  0.000000e+00
1.150000e-06  3.207352e+05  0.000000e+00
1.300000e-06  2.853642e+05  0.000000e+00
1.500000e-06  2.532609e+05  0.000000e+00
2.100000e-06  1.971157e+05  0.000000e+00
2.600000e-06  6.871791e+04  0.000000e+00
3.300000e-06  1.179849e+05  0.000000e+00
4.000000e-06  6.356057e+04  0.000000e+00
9.877000e-06  1.958265e+04  0.000000e+00
1.597000e-05  1.020496e+04  0.000000e+00
2.770000e-05  4.352424e+03  0.000000e+00
4.805000e-05  5.043912e+03  0.000000e+00
7.550000e-05  9.271996e+02  0.000000e+00
1.487000e-04  6.803827e+01  0.000000e+00
3.673000e-04  3.255020e+02  0.000000e+00
9.069000e-04  2.372751e+02  0.000000e+00
1.425000e-03  1.685362e+02  0.000000e+00
2.239000e-03  9.982719e+01  0.000000e+00
3.519000e-03  7.973196e+01  0.000000e+00
5.530000e-03  4.724998e+01  0.000000e+00
9.118000e-03  3.124358e+01  0.000000e+00
1.503000e-02  1.844915e+01  0.000000e+00
2.478000e-02  1.149920e+01  0.000000e+00
4.085000e-02  7.193972e+00  0.000000e+00
6.734000e-02  4.388015e+00  0.000000e+00
1.110000e-01  2.566443e+00  0.000000e+00
1.830000e-01  1.406056e+00  0.000000e+00
3.025000e-01  5.754813e-01  0.000000e+00
5.000000e-01  7.349519e-02  0.000000e+00
8.210000e-01  1.741778e-02  0.000000e+00
1.353000e+00  4.964490e-02  0.000000e+00
2.231000e+00  4.339600e-02  0.000000e+00
3.679000e+00  2.067256e-02  0.000000e+00
6.066000e+00  0.000000e+00  0.000000e+00
