1.000000e-11  1.016613e+06  0.000000e+00
5.000000e-09  1.633134e+06  0.000000e+00
1.000000e-08  1.554476e+06  0.000000e+00
1.500000e-08  1.667829e+06  0.000000e+00
2.000000e-08  1.789567e+06  0.000000e+00
2.500000e-08  2.098603e+06  0.000000e+00
3.000000e-08  2.472789e+06  0.000000e+00
3.500000e-08  2.589304e+06  0.000000e+00
4.200000e-08  2.956927e+06  0.000000e+00
5.000000e-08  3.173479e+06  0.000000e+00
5.800000e-08  2.946204e+06  0.000000e+00
6.700000e-08  2.323926e+06  0.000000e+00
8.000000e-08  1.241279e+06  0.000000e+00
1.000000e-07  4.300143e+05  0.000000e+00
1.400000e-07  2.191504e+05  0.000000e+00
1.800000e-07  3.333296e+05  0.000000e+00
2.200000e-07  5.329407e+05  0.000000e+00
2.500000e-07  9.195591e+04  0.000000e+00
2.800000e-07  2.497041e+04  0.000000e+00
3.000000e-07  5.856733e+04  0.000000e+00
3.200000e-07  1.162902e+05  0.000000e+00
3.500000e-07  6.624929e+04  0.000000e+00
4.000000e-07  3.201976e+04  0.000000e+00
5.000000e-07  3.069308e+04  0.000000e+00
6.250000e-07  3.488709e+04  0.000000e+00
7.800000e-07  3.210357e+04  0.000000e+00
8.500000e-07  2.649735e+04  0.000000e+00
9.100000e-07  1.944612e+04  0.000000e+00
9.500000e-07  1.383823e+04  0.000000e+00
9.720000e-07  7.989041e+03  0.000000e+00
9.960000e-07  2.169916e+03  0.000000e+00
1.020000e-06  4.489085e+01  0.000000e+00
1.045000e-06  1.738429e+00  0.000000e+00
1.071000e-06  5.406606e+01  0.000000e+00
1.097000e-06  7.772671e+02  0.000000e+00
1.123000e-06  1.826288e+03  0.000000e+00
1.150000e-06  1.166532e+04  0.000000e+00
1.300000e-06  1.896958e+04  0.000000e+00
1.500000e-06  5.395808e+03  0.000000e+00
2.100000e-06  3.042019e+04  0.000000e+00
2.600000e-06  2.544218e+03  0.000000e+00
3.300000e-06  1.844521e+04  0.000000e+00
4.000000e-06  2.907718e+03  0.000000e+00
9.877000e-06  4.167632e+02  0.000000e+00
1.597000e-05  1.200620e+02  0.000000e+00
2.770000e-05  1.426681e+03  0.000000e+00
4.805000e-05  5.492434e+02  0.000000e+00
7.550000e-05  5.005949e+00  0.000000e+00
1.487000e-04  1.890730e-03  0.000000e+00
3.673000e-04  2.274331e+01  0.000000e+00
9.069000e-04  3.983211e+01  0.000000e+00
1.425000e-03  3.754571e+01  0.000000e+00
2.239000e-03  1.794963e+01  0.000000e+00
3.519000e-03  3.003816e+01  0.000000e+00
5.530000e-03  1.545215e+01  0.000000e+00
9.118000e-03  1.313926e+01  0.000000e+00
1.503000e-02  7.100984e+00  0.000000e+00
2.478000e-02  4.815134e+00  0.000000e+00
4.085000e-02  3.374341e+00  0.000000e+00
6.734000e-02  2.177955e+00  0.000000e+00
1.110000e-01  1.237201e+00  0.000000e+00
1.830000e-01  6.200158e-01  0.000000e+00
3.025000e-01  2.964193e-01  0.000000e+00
5.000000e-01  1.219223e-01  0.000000e+00
8.210000e-01  1.082287e-01  0.000000e+00
1.353000e+00  7.957448e-02  0.000000e+00
2.231000e+00  4.141874e-02  0.000000e+00
3.679000e+00  1.426566e-02  0.000000e+00
6.066000e+00  0.000000e+00  0.000000e+00
