1.000000e-11  4.950113e+05  0.000000e+00
5.000000e-09  1.653163e+06  0.000000e+00
1.000000e-08  2.256536e+06  0.000000e+00
1.500000e-08  2.625441e+06  0.000000e+00
2.000000e-08  2.740523e+06  0.000000e+00
2.500000e-08  2.743719e+06  0.000000e+00
3.000000e-08  2.590979e+06  0.000000e+00
3.500000e-08  2.372825e+06  0.000000e+00
4.200000e-08  2.014575e+06  0.000000e+00
5.000000e-08  1.851430e+06  0.000000e+00
5.800000e-08  1.652264e+06  0.000000e+00
6.700000e-08  1.380944e+06  0.000000e+00
8.000000e-08  1.047611e+06  0.000000e+00
1.000000e-07  7.404605e+05  0.000000e+00
1.400000e-07  4.961318e+05  0.000000e+00
1.800000e-07  3.670216e+05  0.000000e+00
2.200000e-07  2.618179e+05  0.000000e+00
2.500000e-07  9.251545e+04  0.000000e+00
2.800000e-07  1.351060e+04  0.000000e+00
3.000000e-07  8.080965e+03  0.000000e+00
3.200000e-07  4.089490e+04  0.000000e+00
3.500000e-07  1.482465e+05  0.000000e+00
4.000000e-07  2.385173e+05  0.000000e+00
5.000000e-07  1.833897e+05  0.000000e+00
6.250000e-07  2.809547e+05  0.000000e+00
7.800000e-07  1.876663e+05  0.000000e+00
8.500000e-07  8.559711e+04  0.000000e+00
9.100000e-07  2.030172e+04  0.000000e+00
9.500000e-07  2.949928e+03  0.000000e+00
9.720000e-07  6.499491e+01  0.000000e+00
9.960000e-07  1.374521e-03  0.000000e+00
1.020000e-06  1.155270e-18  0.000000e+00
1.045000e-06  8.451808e-31  0.000000e+00
1.071000e-06  8.008141e-15  0.000000e+00
1.097000e-06  3.157198e-02  0.000000e+00
1.123000e-06  2.588055e+02  0.000000e+00
1.150000e-06  8.645515e+02  0.000000e+00
1.300000e-06  6.690701e+02  0.000000e+00
1.500000e-06  2.722852e+01  0.000000e+00
2.100000e-06  3.558503e+03  0.000000e+00
2.600000e-06  3.676149e+04  0.000000e+00
3.300000e-06  2.558134e+04  0.000000e+00
4.000000e-06  6.565176e+03  0.000000e+00
9.877000e-06  9.542569e+02  0.000000e+00
1.597000e-05  1.180180e+00  0.000000e+00
2.770000e-05  8.634659e+02  0.000000e+00
4.805000e-05  1.614273e+03  0.000000e+00
7.550000e-05  3.325798e+01  0.000000e+00
1.487000e-04  2.776161e-01  0.000000e+00
3.673000e-04  2.846450e+01  0.000000e+00
9.069000e-04  5.232875e+01  0.000000e+00
1.425000e-03  3.190823e+01  0.000000e+00
2.239000e-03  2.191159e+01  0.000000e+00
3.519000e-03  3.635108e+01  0.000000e+00
5.530000e-03  2.050361e+01  0.000000e+00
9.118000e-03  1.466268e+01  0.000000e+00
1.503000e-02  8.163635e+00  0.000000e+00
2.478000e-02  5.366960e+00  0.000000e+00
4.085000e-02  3.830479e+00  0.000000e+00
6.734000e-02  2.485331e+00  0.000000e+00
1.110000e-01  1.511564e+00  0.000000e+00
1.830000e-01  8.133452e-01  0.000000e+00
3.025000e-01  4.419537e-01  0.000000e+00
5.000000e-01  1.169906e-01  0.000000e+00
8.210000e-01  7.386346e-02  0.000000e+00
1.353000e+00  9.369671e-02  0.000000e+00
2.231000e+00  4.106306e-02  0.000000e+00
3.679000e+00  1.337365e-02  0.000000e+00
6.066000e+00  0.000000e+00  0.000000e+00
