1.000000e-11  2.767373e+03  0.000000e+00
5.000000e-09  7.082064e+04  0.000000e+00
1.000000e-08  2.995617e+05  0.000000e+00
1.500000e-08  8.311009e+05  0.000000e+00
2.000000e-08  1.353144e+06  0.000000e+00
2.500000e-08  2.179010e+06  0.000000e+00
3.000000e-08  2.979652e+06  0.000000e+00
3.500000e-08  3.179317e+06  0.000000e+00
4.200000e-08  3.211223e+06  0.000000e+00
5.000000e-08  3.367781e+06  0.000000e+00
5.800000e-08  2.929998e+06  0.000000e+00
6.700000e-08  2.618310e+06  0.000000e+00
8.000000e-08  1.926926e+06  0.000000e+00
1.000000e-07  1.075626e+06  0.000000e+00
1.400000e-07  4.416918e+05  0.000000e+00
1.800000e-07  1.492547e+05  0.000000e+00
2.200000e-07  5.070485e+04  0.000000e+00
2.500000e-07  1.896506e+04  0.000000e+00
2.800000e-07  1.483267e+04  0.000000e+00
3.000000e-07  3.416186e+04  0.000000e+00
3.200000e-07  1.343932e+05  0.000000e+00
3.500000e-07  3.313397e+05  0.000000e+00
4.000000e-07  1.960354e+05  0.000000e+00
5.000000e-07  9.716710e+04  0.000000e+00
6.250000e-07  5.721741e+04  0.000000e+00
7.800000e-07  2.597353e+04  0.000000e+00
8.500000e-07  1.012609e+04  0.000000e+00
9.100000e-07  1.914388e+03  0.000000e+00
9.500000e-07  1.834070e+02  0.000000e+00
9.720000e-07  1.500489e+00  0.000000e+00
9.960000e-07  1.317381e-06  0.000000e+00
1.020000e-06  2.458798e-26  0.000000e+00
1.045000e-06  3.919332e-42  0.000000e+00
1.071000e-06  8.442547e-21  0.000000e+00
1.097000e-06  5.912603e-04  0.000000e+00
1.123000e-06  9.676944e+01  0.000000e+00
1.150000e-06  1.551041e+02  0.000000e+00
1.300000e-06  9.380804e-01  0.000000e+00
1.500000e-06  4.248125e-05  0.000000e+00
2.100000e-06  2.958461e+00  0.000000e+00
2.600000e-06  9.279156e+04  0.000000e+00
3.300000e-06  3.221427e+03  0.000000e+00
4.000000e-06  1.409405e+04  0.000000e+00
9.877000e-06  2.851158e+02  0.000000e+00
1.597000e-05  2.777495e+02  0.000000e+00
2.770000e-05  4.517219e+03  0.000000e+00
4.805000e-05  4.354973e+03  0.000000e+00
7.550000e-05  2.272032e+02  0.000000e+00
1.487000e-04  4.120330e+00  0.000000e+00
3.673000e-04  1.058225e+02  0.000000e+00
9.069000e-04  8.134987e+01  0.000000e+00
1.425000e-03  3.997879e+01  0.000000e+00
2.239000e-03  2.870419e+01  0.000000e+00
3.519000e-03  4.705119e+01  0.000000e+00
5.530000e-03  2.645698e+01  0.000000e+00
9.118000e-03  1.763721e+01  0.000000e+00
1.503000e-02  9.723151e+00  0.000000e+00
2.478000e-02  6.111013e+00  0.000000e+00
4.085000e-02  4.248017e+00  0.000000e+00
6.734000e-02  2.705542e+00  0.000000e+00
1.110000e-01  1.711660e+00  0.000000e+00
1.830000e-01  9.651940e-01  0.000000e+00
3.025000e-01  4.004890e-01  0.000000e+00
5.000000e-01  4.515742e-02  0.000000e+00
8.210000e-01  7.600912e-02  0.000000e+00
1.353000e+00  8.152133e-02  0.000000e+00
2.231000e+00  4.057717e-02  0.000000e+00
3.679000e+00  1.553376e-02  0.000000e+00
6.066000e+00  0.000000e+00  0.000000e+00
