1.000000e-11  3.084521e+06  0.000000e+00
5.000000e-09  2.026143e+06  0.000000e+00
1.000000e-08  1.100588e+06  0.000000e+00
1.500000e-08  8.207510e+05  0.000000e+00
2.000000e-08  7.332624e+05  0.000000e+00
2.500000e-08  7.596628e+05  0.000000e+00
3.000000e-08  8.404800e+05  0.000000e+00
3.500000e-08  9.154722e+05  0.000000e+00
4.200000e-08  1.159501e+06  0.000000e+00
5.000000e-08  1.423583e+06  0.000000e+00
5.800000e-08  1.744388e+06  0.000000e+00
6.700000e-08  2.083992e+06  0.000000e+00
8.000000e-08  2.274709e+06  0.000000e+00
1.000000e-07  1.557438e+06  0.000000e+00
1.400000e-07  5.796231e+05  0.000000e+00
1.800000e-07  1.291111e+05  0.000000e+00
2.200000e-07  2.044755e+04  0.000000e+00
2.500000e-07  1.308831e+04  0.000000e+00
2.800000e-07  5.700715e+04  0.000000e+00
3.000000e-07  1.532652e+05  0.000000e+00
3.200000e-07  1.625766e+05  0.000000e+00
3.500000e-07  9.328424e+04  0.000000e+00
4.000000e-07  6.093940e+04  0.000000e+00
5.000000e-07  5.909782e+04  0.000000e+00
6.250000e-07  6.240955e+04  0.000000e+00
7.800000e-07  5.667621e+04  0.000000e+00
8.500000e-07  4.801014e+04  0.000000e+00
9.100000e-07  3.677684e+04  0.000000e+00
9.500000e-07  2.736748e+04  0.000000e+00
9.720000e-07  1.661242e+04  0.000000e+00
9.960000e-07  4.843614e+03  0.000000e+00
1.020000e-06  1.142312e+02  0.000000e+00
1.045000e-06  5.146826e+00  0.000000e+00
1.071000e-06  1.726110e+02  0.000000e+00
1.097000e-06  2.669260e+03  0.000000e+00
1.123000e-06  6.322187e+03  0.000000e+00
1.150000e-06  2.163731e+04  0.000000e+00
1.300000e-06  2.308506e+04  0.000000e+00
1.500000e-06  4.587129e+03  0.000000e+00
2.100000e-06  2.213350e+04  0.000000e+00
2.600000e-06  3.412262e+03  0.000000e+00
3.300000e-06  2.549767e+04  0.000000e+00
4.000000e-06  5.864230e+03  0.000000e+00
9.877000e-06  4.314194e+02  0.000000e+00
1.597000e-05  2.105898e+02  0.000000e+00
2.770000e-05  1.916452e+03  0.000000e+00
4.805000e-05  6.967276e+02  0.000000e+00
7.550000e-05  6.833498e+00  0.000000e+00
1.487000e-04  3.202339e-03  0.000000e+00
3.673000e-04  2.989283e+01  0.000000e+00
9.069000e-04  4.482026e+01  0.000000e+00
1.425000e-03  4.147674e+01  0.000000e+00
2.239000e-03  1.977721e+01  0.000000e+00
3.519000e-03  3.215154e+01  0.000000e+00
5.530000e-03  1.650624e+01  0.000000e+00
9.118000e-03  1.387552e+01  0.000000e+00
1.503000e-02  7.493384e+00  0.000000e+00
2.478000e-02  5.055782e+00  0.000000e+00
4.085000e-02  3.519428e+00  0.000000e+00
6.734000e-02  2.263656e+00  0.000000e+00
1.110000e-01  1.290397e+00  0.000000e+00
1.830000e-01  6.488522e-01  0.000000e+00
3.025000e-01  3.055848e-01  0.000000e+00
5.000000e-01  1.131349e-01  0.000000e+00
8.210000e-01  9.877615e-02  0.000000e+00
1.353000e+00  8.086213e-02  0.000000e+00
2.231000e+00  4.260822e-02  0.000000e+00
3.679000e+00  1.451501e-02  0.000000e+00
6.066000e+00  0.000000e+00  0.000000e+00
