1.000000e-11  2.064442e+05  0.000000e+00
5.000000e-09  7.832543e+05  0.000000e+00
1.000000e-08  1.307223e+06  0.000000e+00
1.500000e-08  1.768263e+06  0.000000e+00
2.000000e-08  2.118559e+06  0.000000e+00
2.500000e-08  2.794621e+06  0.000000e+00
3.000000e-08  3.479589e+06  0.000000e+00
3.500000e-08  3.641120e+06  0.000000e+00
4.200000e-08  4.032845e+06  0.000000e+00
5.000000e-08  4.184912e+06  0.000000e+00
5.800000e-08  3.522597e+06  0.000000e+00
6.700000e-08  2.424975e+06  0.000000e+00
8.000000e-08  9.136560e+05  0.000000e+00
1.000000e-07  2.212038e+05  0.000000e+00
1.400000e-07  7.439226e+04  0.000000e+00
1.800000e-07  7.026243e+04  0.000000e+00
2.200000e-07  9.121882e+04  0.000000e+00
2.500000e-07  1.567035e+05  0.000000e+00
2.800000e-07  2.796557e+05  0.000000e+00
3.000000e-07  1.784383e+05  0.000000e+00
3.200000e-07  6.331478e+04  0.000000e+00
3.500000e-07  2.988727e+04  0.000000e+00
4.000000e-07  3.484502e+04  0.000000e+00
5.000000e-07  5.299787e+04  0.000000e+00
6.250000e-07  6.650770e+04  0.000000e+00
7.800000e-07  6.172436e+04  0.000000e+00
8.500000e-07  4.937826e+04  0.000000e+00
9.100000e-07  3.309992e+04  0.000000e+00
9.500000e-07  1.958840e+04  0.000000e+00
9.720000e-07  7.281560e+03  0.000000e+00
9.960000e-07  4.987629e+02  0.000000e+00
1.020000e-06  1.009196e-01  0.000000e+00
1.045000e-06  1.006423e-04  0.000000e+00
1.071000e-06  5.933020e-01  0.000000e+00
1.097000e-06  5.511101e+02  0.000000e+00
1.123000e-06  4.791277e+03  0.000000e+00
1.150000e-06  2.235440e+04  0.000000e+00
1.300000e-06  2.341268e+04  0.000000e+00
1.500000e-06  1.749552e+03  0.000000e+00
2.100000e-06  8.106313e+03  0.000000e+00
2.600000e-06  5.792244e+03  0.000000e+00
3.300000e-06  3.178385e+04  0.000000e+00
4.000000e-06  1.028128e+04  0.000000e+00
9.877000e-06  7.008976e+02  0.000000e+00
1.597000e-05  2.505090e+02  0.000000e+00
2.770000e-05  2.437961e+03  0.000000e+00
4.805000e-05  8.285142e+02  0.000000e+00
7.550000e-05  7.789836e+00  0.000000e+00
1.487000e-04  3.557455e-03  0.000000e+00
3.673000e-04  2.724767e+01  0.000000e+00
9.069000e-04  4.375488e+01  0.000000e+00
1.425000e-03  3.882507e+01  0.000000e+00
2.239000e-03  1.892276e+01  0.000000e+00
3.519000e-03  3.209092e+01  0.000000e+00
5.530000e-03  1.635115e+01  0.000000e+00
9.118000e-03  1.359353e+01  0.000000e+00
1.503000e-02  7.304667e+00  0.000000e+00
2.478000e-02  4.902573e+00  0.000000e+00
4.085000e-02  3.436065e+00  0.000000e+00
6.734000e-02  2.205510e+00  0.000000e+00
1.110000e-01  1.254449e+00  0.000000e+00
1.830000e-01  6.342868e-01  0.000000e+00
3.025000e-01  2.721851e-01  0.000000e+00
5.000000e-01  7.744756e-02  0.000000e+00
8.210000e-01  1.112616e-01  0.000000e+00
1.353000e+00  8.501229e-02  0.000000e+00
2.231000e+00  4.375916e-02  0.000000e+00
3.679000e+00  1.554948e-02  0.000000e+00
6.066000e+00  0.000000e+00  0.000000e+00
