1.000000e-11  9.606011e+06  0.000000e+00
5.000000e-09  2.357991e+06  0.000000e+00
1.000000e-08  1.334396e+06  0.000000e+00
1.500000e-08  9.753078e+05  0.000000e+00
2.000000e-08  7.758034e+05  0.000000e+00
2.500000e-08  6.544125e+05  0.000000e+00
3.000000e-08  5.624171e+05  0.000000e+00
3.500000e-08  4.772596e+05  0.000000e+00
4.200000e-08  3.952363e+05  0.000000e+00
5.000000e-08  3.297798e+05  0.000000e+00
5.800000e-08  2.737434e+05  0.000000e+00
6.700000e-08  2.184519e+05  0.000000e+00
8.000000e-08  1.585095e+05  0.000000e+00
1.000000e-07  9.124397e+04  0.000000e+00
1.400000e-07  5.257752e+04  0.000000e+00
1.800000e-07  4.031864e+04  0.000000e+00
2.200000e-07  3.467563e+04  0.000000e+00
2.500000e-07  3.152933e+04  0.000000e+00
2.800000e-07  2.898165e+04  0.000000e+00
3.000000e-07  2.647140e+04  0.000000e+00
3.200000e-07  2.325269e+04  0.000000e+00
3.500000e-07  1.912404e+04  0.000000e+00
4.000000e-07  1.441589e+04  0.000000e+00
5.000000e-07  1.075950e+04  0.000000e+00
6.250000e-07  8.297087e+03  0.000000e+00
7.800000e-07  7.046436e+03  0.000000e+00
8.500000e-07  6.537678e+03  0.000000e+00
9.100000e-07  6.235208e+03  0.000000e+00
9.500000e-07  6.082214e+03  0.000000e+00
9.720000e-07  6.003074e+03  0.000000e+00
9.960000e-07  5.929594e+03  0.000000e+00
1.020000e-06  5.900093e+03  0.000000e+00
1.045000e-06  5.904649e+03  0.000000e+00
1.071000e-06  5.932110e+03  0.000000e+00
1.097000e-06  5.942073e+03  0.000000e+00
1.123000e-06  5.822534e+03  0.000000e+00
1.150000e-06  4.673723e+03  0.000000e+00
1.300000e-06  3.715457e+03  0.000000e+00
1.500000e-06  2.884989e+03  0.000000e+00
2.100000e-06  2.169437e+03  0.000000e+00
2.600000e-06  1.785323e+03  0.000000e+00
3.300000e-06  1.452381e+03  0.000000e+00
4.000000e-06  8.445551e+02  0.000000e+00
9.877000e-06  4.312562e+02  0.000000e+00
1.597000e-05  2.673355e+02  0.000000e+00
2.770000e-05  1.510920e+02  0.000000e+00
4.805000e-05  9.095972e+01  0.000000e+00
7.550000e-05  4.849711e+01  0.000000e+00
1.487000e-04  2.146257e+01  0.000000e+00
3.673000e-04  8.576212e+00  0.000000e+00
9.069000e-04  4.407897e+00  0.000000e+00
1.425000e-03  2.780559e+00  0.000000e+00
2.239000e-03  1.763404e+00  0.000000e+00
3.519000e-03  1.119689e+00  0.000000e+00
5.530000e-03  6.927941e-01  0.000000e+00
9.118000e-03  4.196958e-01  0.000000e+00
1.503000e-02  2.542432e-01  0.000000e+00
2.478000e-02  1.540432e-01  0.000000e+00
4.085000e-02  9.340800e-02  0.000000e+00
6.734000e-02  5.660690e-02  0.000000e+00
1.110000e-01  3.433391e-02  0.000000e+00
1.830000e-01  2.078443e-02  0.000000e+00
3.025000e-01  1.258109e-02  0.000000e+00
5.000000e-01  7.689211e-03  0.000000e+00
8.210000e-01  5.813020e-03  0.000000e+00
1.353000e+00  4.598222e-02  0.000000e+00
2.231000e+00  5.035628e-02  0.000000e+00
3.679000e+00  1.932021e-02  0.000000e+00
6.066000e+00  0.000000e+00  0.000000e+00
