1.000000e-11  2.385999e+06  0.000000e+00
5.000000e-09  1.784178e+06  0.000000e+00
1.000000e-08  1.709700e+06  0.000000e+00
1.500000e-08  1.803594e+06  0.000000e+00
2.000000e-08  1.903214e+06  0.000000e+00
2.500000e-08  1.907649e+06  0.000000e+00
3.000000e-08  1.922907e+06  0.000000e+00
3.500000e-08  1.862663e+06  0.000000e+00
4.200000e-08  1.799547e+06  0.000000e+00
5.000000e-08  1.787570e+06  0.000000e+00
5.800000e-08  1.746407e+06  0.000000e+00
6.700000e-08  1.725387e+06  0.000000e+00
8.000000e-08  1.607737e+06  0.000000e+00
1.000000e-07  1.055987e+06  0.000000e+00
1.400000e-07  4.874911e+05  0.000000e+00
1.800000e-07  2.266182e+05  0.000000e+00
2.200000e-07  1.126137e+05  0.000000e+00
2.500000e-07  8.229612e+04  0.000000e+00
2.800000e-07  8.693101e+04  0.000000e+00
3.000000e-07  9.064250e+04  0.000000e+00
3.200000e-07  9.018894e+04  0.000000e+00
3.500000e-07  7.925535e+04  0.000000e+00
4.000000e-07  5.381815e+04  0.000000e+00
5.000000e-07  3.280616e+04  0.000000e+00
6.250000e-07  2.158887e+04  0.000000e+00
7.800000e-07  1.769807e+04  0.000000e+00
8.500000e-07  1.679292e+04  0.000000e+00
9.100000e-07  1.684242e+04  0.000000e+00
9.500000e-07  1.725896e+04  0.000000e+00
9.720000e-07  1.826689e+04  0.000000e+00
9.960000e-07  2.055075e+04  0.000000e+00
1.020000e-06  2.844641e+04  0.000000e+00
1.045000e-06  3.843283e+04  0.000000e+00
1.071000e-06  3.287531e+04  0.000000e+00
1.097000e-06  2.940449e+04  0.000000e+00
1.123000e-06  2.788028e+04  0.000000e+00
1.150000e-06  1.552012e+04  0.000000e+00
1.300000e-06  1.299182e+04  0.000000e+00
1.500000e-06  2.268628e+04  0.000000e+00
2.100000e-06  6.717192e+03  0.000000e+00
2.600000e-06  3.810965e+03  0.000000e+00
3.300000e-06  2.649305e+03  0.000000e+00
4.000000e-06  2.449383e+03  0.000000e+00
9.877000e-06  1.035975e+03  0.000000e+00
1.597000e-05  8.225312e+02  0.000000e+00
2.770000e-05  3.906742e+02  0.000000e+00
4.805000e-05  1.745059e+02  0.000000e+00
7.550000e-05  1.814528e+02  0.000000e+00
1.487000e-04  2.127098e+02  0.000000e+00
3.673000e-04  2.268090e+01  0.000000e+00
9.069000e-04  6.848640e+00  0.000000e+00
1.425000e-03  3.972472e+00  0.000000e+00
2.239000e-03  2.601214e+00  0.000000e+00
3.519000e-03  1.432610e+00  0.000000e+00
5.530000e-03  9.102830e-01  0.000000e+00
9.118000e-03  5.219932e-01  0.000000e+00
1.503000e-02  3.193791e-01  0.000000e+00
2.478000e-02  1.905459e-01  0.000000e+00
4.085000e-02  1.131150e-01  0.000000e+00
6.734000e-02  6.895132e-02  0.000000e+00
1.110000e-01  4.422585e-02  0.000000e+00
1.830000e-01  2.918875e-02  0.000000e+00
3.025000e-01  2.931570e-02  0.000000e+00
5.000000e-01  1.057666e-01  0.000000e+00
8.210000e-01  1.296686e-01  0.000000e+00
1.353000e+00  9.385327e-02  0.000000e+00
2.231000e+00  4.732619e-02  0.000000e+00
3.679000e+00  1.052675e-02  0.000000e+00
6.066000e+00  0.000000e+00  0.000000e+00
