1.000000e-11  2.698987e+06  0.000000e+00
5.000000e-09  1.708061e+06  0.000000e+00
1.000000e-08  1.621330e+06  0.000000e+00
1.500000e-08  1.695573e+06  0.000000e+00
2.000000e-08  1.756804e+06  0.000000e+00
2.500000e-08  1.817899e+06  0.000000e+00
3.000000e-08  1.887041e+06  0.000000e+00
3.500000e-08  1.920986e+06  0.000000e+00
4.200000e-08  1.924699e+06  0.000000e+00
5.000000e-08  1.895625e+06  0.000000e+00
5.800000e-08  1.793336e+06  0.000000e+00
6.700000e-08  1.673052e+06  0.000000e+00
8.000000e-08  1.468313e+06  0.000000e+00
1.000000e-07  9.826618e+05  0.000000e+00
1.400000e-07  5.451537e+05  0.000000e+00
1.800000e-07  2.595408e+05  0.000000e+00
2.200000e-07  1.094551e+05  0.000000e+00
2.500000e-07  7.801808e+04  0.000000e+00
2.800000e-07  9.504217e+04  0.000000e+00
3.000000e-07  1.061092e+05  0.000000e+00
3.200000e-07  9.706670e+04  0.000000e+00
3.500000e-07  6.867507e+04  0.000000e+00
4.000000e-07  3.977603e+04  0.000000e+00
5.000000e-07  2.454183e+04  0.000000e+00
6.250000e-07  1.407187e+04  0.000000e+00
7.800000e-07  9.850597e+03  0.000000e+00
8.500000e-07  9.382107e+03  0.000000e+00
9.100000e-07  9.741986e+03  0.000000e+00
9.500000e-07  1.019455e+04  0.000000e+00
9.720000e-07  1.113241e+04  0.000000e+00
9.960000e-07  1.366282e+04  0.000000e+00
1.020000e-06  2.462438e+04  0.000000e+00
1.045000e-06  4.055784e+04  0.000000e+00
1.071000e-06  2.513696e+04  0.000000e+00
1.097000e-06  1.747206e+04  0.000000e+00
1.123000e-06  1.596238e+04  0.000000e+00
1.150000e-06  1.287948e+04  0.000000e+00
1.300000e-06  1.833886e+04  0.000000e+00
1.500000e-06  2.415786e+04  0.000000e+00
2.100000e-06  5.051729e+03  0.000000e+00
2.600000e-06  2.955710e+03  0.000000e+00
3.300000e-06  2.483469e+03  0.000000e+00
4.000000e-06  1.510333e+03  0.000000e+00
9.877000e-06  9.521295e+02  0.000000e+00
1.597000e-05  2.318369e+03  0.000000e+00
2.770000e-05  5.567984e+02  0.000000e+00
4.805000e-05  1.250897e+02  0.000000e+00
7.550000e-05  1.649672e+02  0.000000e+00
1.487000e-04  1.536432e+02  0.000000e+00
3.673000e-04  2.366750e+01  0.000000e+00
9.069000e-04  6.692009e+00  0.000000e+00
1.425000e-03  3.919863e+00  0.000000e+00
2.239000e-03  2.502261e+00  0.000000e+00
3.519000e-03  1.408968e+00  0.000000e+00
5.530000e-03  8.873820e-01  0.000000e+00
9.118000e-03  5.128988e-01  0.000000e+00
1.503000e-02  3.123289e-01  0.000000e+00
2.478000e-02  1.858202e-01  0.000000e+00
4.085000e-02  1.102561e-01  0.000000e+00
6.734000e-02  6.714281e-02  0.000000e+00
1.110000e-01  4.289055e-02  0.000000e+00
1.830000e-01  2.820217e-02  0.000000e+00
3.025000e-01  2.764683e-02  0.000000e+00
5.000000e-01  1.037070e-01  0.000000e+00
8.210000e-01  1.336024e-01  0.000000e+00
1.353000e+00  9.118466e-02  0.000000e+00
2.231000e+00  4.765118e-02  0.000000e+00
3.679000e+00  1.082337e-02  0.000000e+00
6.066000e+00  0.000000e+00  0.000000e+00
