1.000000e-11  1.462096e+06  0.000000e+00
5.000000e-09  1.644186e+06  0.000000e+00
1.000000e-08  2.044714e+06  0.000000e+00
1.500000e-08  2.413036e+06  0.000000e+00
2.000000e-08  2.679019e+06  0.000000e+00
2.500000e-08  2.718718e+06  0.000000e+00
3.000000e-08  2.701425e+06  0.000000e+00
3.500000e-08  2.570662e+06  0.000000e+00
4.200000e-08  2.326560e+06  0.000000e+00
5.000000e-08  2.139316e+06  0.000000e+00
5.800000e-08  1.890305e+06  0.000000e+00
6.700000e-08  1.623165e+06  0.000000e+00
8.000000e-08  1.225721e+06  0.000000e+00
1.000000e-07  6.749102e+05  0.000000e+00
1.400000e-07  3.223898e+05  0.000000e+00
1.800000e-07  2.085060e+05  0.000000e+00
2.200000e-07  1.698625e+05  0.000000e+00
2.500000e-07  1.387427e+05  0.000000e+00
2.800000e-07  9.275232e+04  0.000000e+00
3.000000e-07  7.321838e+04  0.000000e+00
3.200000e-07  7.991448e+04  0.000000e+00
3.500000e-07  9.885263e+04  0.000000e+00
4.000000e-07  8.590689e+04  0.000000e+00
5.000000e-07  5.505715e+04  0.000000e+00
6.250000e-07  3.561293e+04  0.000000e+00
7.800000e-07  2.891988e+04  0.000000e+00
8.500000e-07  2.768880e+04  0.000000e+00
9.100000e-07  2.830459e+04  0.000000e+00
9.500000e-07  2.919005e+04  0.000000e+00
9.720000e-07  3.040420e+04  0.000000e+00
9.960000e-07  3.019057e+04  0.000000e+00
1.020000e-06  2.548509e+04  0.000000e+00
1.045000e-06  2.410450e+04  0.000000e+00
1.071000e-06  4.310322e+04  0.000000e+00
1.097000e-06  6.973808e+04  0.000000e+00
1.123000e-06  7.781265e+04  0.000000e+00
1.150000e-06  2.387736e+04  0.000000e+00
1.300000e-06  1.228226e+04  0.000000e+00
1.500000e-06  1.693885e+04  0.000000e+00
2.100000e-06  6.301363e+03  0.000000e+00
2.600000e-06  5.657237e+03  0.000000e+00
3.300000e-06  3.469561e+03  0.000000e+00
4.000000e-06  4.331528e+03  0.000000e+00
9.877000e-06  1.575582e+03  0.000000e+00
1.597000e-05  1.388559e+03  0.000000e+00
2.770000e-05  6.676349e+02  0.000000e+00
4.805000e-05  2.664876e+02  0.000000e+00
7.550000e-05  2.141989e+02  0.000000e+00
1.487000e-04  2.301012e+02  0.000000e+00
3.673000e-04  2.352162e+01  0.000000e+00
9.069000e-04  7.309393e+00  0.000000e+00
1.425000e-03  4.164493e+00  0.000000e+00
2.239000e-03  2.687165e+00  0.000000e+00
3.519000e-03  1.485711e+00  0.000000e+00
5.530000e-03  9.284119e-01  0.000000e+00
9.118000e-03  5.308572e-01  0.000000e+00
1.503000e-02  3.226701e-01  0.000000e+00
2.478000e-02  1.917667e-01  0.000000e+00
4.085000e-02  1.137882e-01  0.000000e+00
6.734000e-02  6.908494e-02  0.000000e+00
1.110000e-01  4.392383e-02  0.000000e+00
1.830000e-01  2.886232e-02  0.000000e+00
3.025000e-01  2.718477e-02  0.000000e+00
5.000000e-01  8.306040e-02  0.000000e+00
8.210000e-01  1.260097e-01  0.000000e+00
1.353000e+00  9.467881e-02  0.000000e+00
2.231000e+00  4.764289e-02  0.000000e+00
3.679000e+00  1.067537e-02  0.000000e+00
6.066000e+00  0.000000e+00  0.000000e+00
