1.000000e-11  6.544056e+06  0.000000e+00
5.000000e-09  2.423249e+06  0.000000e+00
1.000000e-08  1.746427e+06  0.000000e+00
1.500000e-08  1.580759e+06  0.000000e+00
2.000000e-08  1.439042e+06  0.000000e+00
2.500000e-08  1.340941e+06  0.000000e+00
3.000000e-08  1.250781e+06  0.000000e+00
3.500000e-08  1.113471e+06  0.000000e+00
4.200000e-08  9.558143e+05  0.000000e+00
5.000000e-08  8.414196e+05  0.000000e+00
5.800000e-08  7.117319e+05  0.000000e+00
6.700000e-08  5.813500e+05  0.000000e+00
8.000000e-08  4.275202e+05  0.000000e+00
1.000000e-07  2.464374e+05  0.000000e+00
1.400000e-07  1.456867e+05  0.000000e+00
1.800000e-07  1.232404e+05  0.000000e+00
2.200000e-07  1.269790e+05  0.000000e+00
2.500000e-07  1.372205e+05  0.000000e+00
2.800000e-07  1.366932e+05  0.000000e+00
3.000000e-07  1.189118e+05  0.000000e+00
3.200000e-07  9.006722e+04  0.000000e+00
3.500000e-07  5.779751e+04  0.000000e+00
4.000000e-07  3.436110e+04  0.000000e+00
5.000000e-07  2.032740e+04  0.000000e+00
6.250000e-07  1.376451e+04  0.000000e+00
7.800000e-07  1.144175e+04  0.000000e+00
8.500000e-07  1.077735e+04  0.000000e+00
9.100000e-07  1.063166e+04  0.000000e+00
9.500000e-07  1.071108e+04  0.000000e+00
9.720000e-07  1.099495e+04  0.000000e+00
9.960000e-07  1.136358e+04  0.000000e+00
1.020000e-06  1.212236e+04  0.000000e+00
1.045000e-06  1.329548e+04  0.000000e+00
1.071000e-06  1.484789e+04  0.000000e+00
1.097000e-06  1.634541e+04  0.000000e+00
1.123000e-06  1.622969e+04  0.000000e+00
1.150000e-06  8.214279e+03  0.000000e+00
1.300000e-06  5.213156e+03  0.000000e+00
1.500000e-06  3.370952e+03  0.000000e+00
2.100000e-06  2.364807e+03  0.000000e+00
2.600000e-06  1.104056e+03  0.000000e+00
3.300000e-06  1.986098e+03  0.000000e+00
4.000000e-06  1.256460e+03  0.000000e+00
9.877000e-06  3.893650e+02  0.000000e+00
1.597000e-05  2.853701e+02  0.000000e+00
2.770000e-05  9.271614e+02  0.000000e+00
4.805000e-05  1.168438e+02  0.000000e+00
7.550000e-05  2.092689e+01  0.000000e+00
1.487000e-04  2.301642e+00  0.000000e+00
3.673000e-04  5.632667e+00  0.000000e+00
9.069000e-04  3.604291e+00  0.000000e+00
1.425000e-03  2.359315e+00  0.000000e+00
2.239000e-03  1.346610e+00  0.000000e+00
3.519000e-03  1.003819e+00  0.000000e+00
5.530000e-03  5.784160e-01  0.000000e+00
9.118000e-03  3.689904e-01  0.000000e+00
1.503000e-02  2.151179e-01  0.000000e+00
2.478000e-02  1.319467e-01  0.000000e+00
4.085000e-02  8.204810e-02  0.000000e+00
6.734000e-02  5.057498e-02  0.000000e+00
1.110000e-01  3.068181e-02  0.000000e+00
1.830000e-01  1.891105e-02  0.000000e+00
3.025000e-01  1.651771e-02  0.000000e+00
5.000000e-01  5.908832e-02  0.000000e+00
8.210000e-01  1.461610e-01  0.000000e+00
1.353000e+00  9.461385e-02  0.000000e+00
2.231000e+00  4.569048e-02  0.000000e+00
3.679000e+00  1.038056e-02  0.000000e+00
6.066000e+00  0.000000e+00  0.000000e+00
