1.000000e-11  6.852201e+06  0.000000e+00
5.000000e-09  2.426826e+06  0.000000e+00
1.000000e-08  1.634908e+06  0.000000e+00
1.500000e-08  1.352401e+06  0.000000e+00
2.000000e-08  1.193609e+06  0.000000e+00
2.500000e-08  1.063942e+06  0.000000e+00
3.000000e-08  9.660388e+05  0.000000e+00
3.500000e-08  8.742489e+05  0.000000e+00
4.200000e-08  7.681280e+05  0.000000e+00
5.000000e-08  6.813286e+05  0.000000e+00
5.800000e-08  6.000479e+05  0.000000e+00
6.700000e-08  5.059288e+05  0.000000e+00
8.000000e-08  3.976765e+05  0.000000e+00
1.000000e-07  2.601811e+05  0.000000e+00
1.400000e-07  1.919391e+05  0.000000e+00
1.800000e-07  2.372175e+05  0.000000e+00
2.200000e-07  3.512155e+05  0.000000e+00
2.500000e-07  3.059654e+05  0.000000e+00
2.800000e-07  1.418918e+05  0.000000e+00
3.000000e-07  7.762035e+04  0.000000e+00
3.200000e-07  5.077317e+04  0.000000e+00
3.500000e-07  3.601793e+04  0.000000e+00
4.000000e-07  2.625999e+04  0.000000e+00
5.000000e-07  1.883338e+04  0.000000e+00
6.250000e-07  1.404512e+04  0.000000e+00
7.800000e-07  1.220335e+04  0.000000e+00
8.500000e-07  1.171002e+04  0.000000e+00
9.100000e-07  1.170592e+04  0.000000e+00
9.500000e-07  1.198188e+04  0.000000e+00
9.720000e-07  1.286804e+04  0.000000e+00
9.960000e-07  1.593332e+04  0.000000e+00
1.020000e-06  3.204401e+04  0.000000e+00
1.045000e-06  5.646393e+04  0.000000e+00
1.071000e-06  2.743798e+04  0.000000e+00
1.097000e-06  1.559597e+04  0.000000e+00
1.123000e-06  1.317596e+04  0.000000e+00
1.150000e-06  1.291034e+04  0.000000e+00
1.300000e-06  1.830247e+04  0.000000e+00
1.500000e-06  4.166587e+04  0.000000e+00
2.100000e-06  8.416977e+03  0.000000e+00
2.600000e-06  1.528976e+03  0.000000e+00
3.300000e-06  2.800706e+03  0.000000e+00
4.000000e-06  3.568322e+03  0.000000e+00
9.877000e-06  7.460580e+02  0.000000e+00
1.597000e-05  3.637525e+02  0.000000e+00
2.770000e-05  3.573974e+02  0.000000e+00
4.805000e-05  9.949136e+01  0.000000e+00
7.550000e-05  3.847632e+01  0.000000e+00
1.487000e-04  7.152204e+00  0.000000e+00
3.673000e-04  1.058707e+01  0.000000e+00
9.069000e-04  4.075670e+00  0.000000e+00
1.425000e-03  2.616352e+00  0.000000e+00
2.239000e-03  1.560288e+00  0.000000e+00
3.519000e-03  1.075340e+00  0.000000e+00
5.530000e-03  6.467655e-01  0.000000e+00
9.118000e-03  4.028381e-01  0.000000e+00
1.503000e-02  2.387258e-01  0.000000e+00
2.478000e-02  1.461893e-01  0.000000e+00
4.085000e-02  8.970832e-02  0.000000e+00
6.734000e-02  5.553254e-02  0.000000e+00
1.110000e-01  3.502413e-02  0.000000e+00
1.830000e-01  2.212332e-02  0.000000e+00
3.025000e-01  2.228052e-02  0.000000e+00
5.000000e-01  9.522983e-02  0.000000e+00
8.210000e-01  1.330652e-01  0.000000e+00
1.353000e+00  9.621067e-02  0.000000e+00
2.231000e+00  4.724134e-02  0.000000e+00
3.679000e+00  1.019989e-02  0.000000e+00
6.066000e+00  0.000000e+00  0.000000e+00
