1.000000e-11  1.060057e+06  0.000000e+00
5.000000e-09  1.576625e+06  0.000000e+00
1.000000e-08  2.223931e+06  0.000000e+00
1.500000e-08  2.803823e+06  0.000000e+00
2.000000e-08  3.173762e+06  0.000000e+00
2.500000e-08  3.137898e+06  0.000000e+00
3.000000e-08  3.009671e+06  0.000000e+00
3.500000e-08  2.830216e+06  0.000000e+00
4.200000e-08  2.401120e+06  0.000000e+00
5.000000e-08  2.050069e+06  0.000000e+00
5.800000e-08  1.687474e+06  0.000000e+00
6.700000e-08  1.300367e+06  0.000000e+00
8.000000e-08  9.133122e+05  0.000000e+00
1.000000e-07  5.052088e+05  0.000000e+00
1.400000e-07  3.124763e+05  0.000000e+00
1.800000e-07  2.729089e+05  0.000000e+00
2.200000e-07  2.319485e+05  0.000000e+00
2.500000e-07  1.551200e+05  0.000000e+00
2.800000e-07  7.929399e+04  0.000000e+00
3.000000e-07  5.883417e+04  0.000000e+00
3.200000e-07  7.040816e+04  0.000000e+00
3.500000e-07  9.907265e+04  0.000000e+00
4.000000e-07  8.941927e+04  0.000000e+00
5.000000e-07  5.454115e+04  0.000000e+00
6.250000e-07  3.380456e+04  0.000000e+00
7.800000e-07  2.705408e+04  0.000000e+00
8.500000e-07  2.575751e+04  0.000000e+00
9.100000e-07  2.608996e+04  0.000000e+00
9.500000e-07  2.685326e+04  0.000000e+00
9.720000e-07  2.797557e+04  0.000000e+00
9.960000e-07  2.845147e+04  0.000000e+00
1.020000e-06  2.651798e+04  0.000000e+00
1.045000e-06  2.696131e+04  0.000000e+00
1.071000e-06  4.129280e+04  0.000000e+00
1.097000e-06  5.901437e+04  0.000000e+00
1.123000e-06  6.373536e+04  0.000000e+00
1.150000e-06  2.252452e+04  0.000000e+00
1.300000e-06  1.297222e+04  0.000000e+00
1.500000e-06  1.697300e+04  0.000000e+00
2.100000e-06  5.684111e+03  0.000000e+00
2.600000e-06  4.986388e+03  0.000000e+00
3.300000e-06  3.339452e+03  0.000000e+00
4.000000e-06  4.337236e+03  0.000000e+00
9.877000e-06  1.442884e+03  0.000000e+00
1.597000e-05  1.272896e+03  0.000000e+00
2.770000e-05  6.127910e+02  0.000000e+00
4.805000e-05  2.411480e+02  0.000000e+00
7.550000e-05  2.084824e+02  0.000000e+00
1.487000e-04  2.201422e+02  0.000000e+00
3.673000e-04  2.382526e+01  0.000000e+00
9.069000e-04  7.204073e+00  0.000000e+00
1.425000e-03  4.111261e+00  0.000000e+00
2.239000e-03  2.655679e+00  0.000000e+00
3.519000e-03  1.472182e+00  0.000000e+00
5.530000e-03  9.229124e-01  0.000000e+00
9.118000e-03  5.283315e-01  0.000000e+00
1.503000e-02  3.213084e-01  0.000000e+00
2.478000e-02  1.912066e-01  0.000000e+00
4.085000e-02  1.134911e-01  0.000000e+00
6.734000e-02  6.904809e-02  0.000000e+00
1.110000e-01  4.411103e-02  0.000000e+00
1.830000e-01  2.901780e-02  0.000000e+00
3.025000e-01  2.846839e-02  0.000000e+00
5.000000e-01  9.710790e-02  0.000000e+00
8.210000e-01  1.306070e-01  0.000000e+00
1.353000e+00  9.379911e-02  0.000000e+00
2.231000e+00  4.702790e-02  0.000000e+00
3.679000e+00  1.050051e-02  0.000000e+00
6.066000e+00  0.000000e+00  0.000000e+00
