28-Ni-59(n,&alpha;) ENDF/B-VII.1
1.0E-5,679.782
1.30374E-5,595.354
1.71104E-5,519.685
2.22778E-5,455.444
2.92376E-5,397.559
3.80674E-5,348.415
4.996E-5,304.133
6.50481E-5,266.538
8.53698E-5,232.663
1.11152E-4,203.904
1.45877E-4,177.99
1.89932E-4,155.991
2.49268E-4,136.168
3.24548E-4,119.34
4.2594E-4,104.177
5.54575E-4,91.3053
7.2783E-4,79.7087
9.47636E-4,69.8646
0.00124369,60.994
0.00161928,53.4635
0.00212517,46.6778
0.00276697,40.9124
0.0036314,35.7131
0.00472809,31.2887
0.0062052,27.2934
0.00807918,23.9042
0.0106032,20.8773
0.0138054,18.3325
0.0181183,16.0237
0.0244451,13.7803
0.0253,13.5439
0.033204,11.8161
0.0432317,10.35
0.0567377,9.03259
0.0738726,7.91574
0.0969512,6.92827
0.150913,5.57259
0.198059,4.85617
0.257874,4.25233
0.338436,3.71191
0.440644,3.25441
0.578306,2.84363
0.752956,2.49594
0.988188,2.1853
1.5382,1.76385
2.01874,1.54524
2.80862,1.32211
3.75,1.15361
5.0,1.01042
6.9999,0.871321
9.2499,0.776008
14.2928,0.661484
20.0,0.591165
27.4441,0.549301
37.5,0.527947
40.0,0.52629
54.999,0.543941
69.999,0.596439
84.999,0.686725
97.499,0.801859
102.443,0.869894
120.858,1.18519
131.25,1.4902
140.0,1.85661
150.0,2.51816
156.25,3.16515
160.625,3.77301
165.625,4.74125
170.0,5.92637
175.0,7.97955
180.0,11.3481
184.688,16.8904
185.938,19.4316
189.688,28.5027
190.625,32.4984
194.688,54.7363
195.625,63.3762
201.5,131.017
202.625,138.653
203.25,139.897
204.5,135.386
206.25,116.973
209.438,75.5818
210.625,64.6885
214.844,35.114
215.625,31.757
219.688,19.6228
220.625,17.731
225.0,11.642
230.0,7.80914
235.0,5.56383
240.0,4.1463
245.625,3.10675
250.625,2.46981
256.25,1.96101
261.25,1.62428
266.25,1.36534
272.5,1.11961
280.0,0.897776
287.5,0.73741
296.25,0.596069
306.25,0.478194
317.5,0.382037
330.0,0.304275
342.5,0.247721
357.5,0.197642
372.5,0.160848
390.0,0.129089
400.0,0.114987
500.0,0.0453247
597.765,0.0236045
629.713,0.0203059
700.0,0.0136855
800.0,0.00888846
1000.0,0.00448543
1100.0,0.00338745
1212.5,0.00256972
1312.5,0.00205495
1400.0,0.00171413
1525.0,0.00136492
1625.0,0.00115295
1725.0,9.87071E-4
1850.0,8.27704E-4
2000.0,6.82527E-4
2175.0,5.64287E-4
2350.0,4.79975E-4
2550.0,4.14155E-4
2750.0,3.74175E-4
2900.0,3.59546E-4
3000.0,3.60835E-4
3096.88,3.89804E-4
3098.44,4.04456E-4
3099.61,4.39657E-4
3100.78,5.07533E-4
3102.34,6.42944E-4
3196.88,0.0106331
3200.0,0.0108262
3212.5,0.00964962
3297.85,6.5735E-4
3299.22,5.42312E-4
3300.39,4.75064E-4
3301.56,4.39591E-4
3303.12,4.24434E-4
3306.25,4.22188E-4
3400.0,4.26708E-4
3500.0,4.74139E-4
3600.0,5.55781E-4
3700.0,6.90935E-4
3800.0,9.25314E-4
3900.0,0.00137039
4000.0,0.00234586
4100.0,0.00496172
4170.0,0.00960685
4225.0,0.0151092
4230.0,0.0154454
4299.06,0.0137395
4400.0,0.00533155
4500.0,0.00238019
4600.0,0.00132067
4700.0,8.49218E-4
4800.0,6.03602E-4
4900.0,4.61182E-4
5000.0,3.72387E-4
5100.0,3.14383E-4
5225.0,2.6918E-4
5300.0,2.50126E-4
5400.0,2.34555E-4
5500.0,2.27608E-4
5600.0,2.29559E-4
5700.0,2.42682E-4
5800.0,2.72849E-4
5900.0,3.33985E-4
6000.0,4.60733E-4
6100.0,7.41376E-4
6237.5,0.0015213
6262.5,0.00159816
6296.88,0.00156404
6406.25,9.33797E-4
6500.0,5.50099E-4
6600.0,3.65375E-4
6700.0,2.7855E-4
6800.0,2.34334E-4
6900.0,2.11085E-4
7000.0,1.99564E-4
7100.0,1.95504E-4
7250.0,1.9969E-4
7400.0,2.12534E-4
7550.0,2.36135E-4
7700.0,2.70345E-4
7825.0,3.12393E-4
7925.0,3.56723E-4
8025.0,4.14958E-4
8125.0,4.92916E-4
8212.5,5.82955E-4
8312.5,7.27322E-4
8400.0,9.02934E-4
8506.25,0.00124059
8600.0,0.00172167
8700.0,0.00266095
8800.0,0.00469044
8896.88,0.0101553
8901.56,0.0108553
8996.88,0.0383935
9001.25,0.0416328
9013.75,0.0593351
9037.5,0.0950458
9041.88,0.106331
9052.19,0.146178
9056.88,0.172189
9067.19,0.251226
9071.88,0.300936
9086.88,0.50659
9096.25,0.613428
9100.0,0.633343
9103.75,0.61292
9116.88,0.456162
9129.06,0.287827
9133.75,0.241774
9144.06,0.16495
9148.75,0.141053
9159.06,0.102551
9163.75,0.0919997
9197.5,0.0426046
9201.56,0.0387612
9212.5,0.0350227
9298.44,0.0106211
9303.12,0.00992632
9400.0,0.00453434
9500.0,0.00254097
9600.0,0.00162263
9700.0,0.00112529
9800.0,8.26159E-4
9893.75,6.47004E-4
9896.09,6.61813E-4
9897.66,6.99296E-4
9899.22,7.7844E-4
9900.78,9.11934E-4
9902.73,0.0011539
9906.64,0.00178123
9996.88,0.0173274
10000.0,0.0177005
15690.3,0.0150997
30000.0,0.00804329
60000.0,0.00475533
100000.0,0.00360466
150000.0,0.00291114
200000.0,0.00266082
300000.0,0.00259658
400000.0,0.00223522
600000.0,0.00206994
819553.0,0.00292093
1000000.0,0.00387537
1250000.0,0.00465852
1400000.0,0.00525687
1625000.0,0.00733938
2093750.0,0.0126655
2250000.0,0.0142831
2531250.0,0.0195789
2750000.0,0.0246879
3062500.0,0.0301219
4000000.0,0.0438348
4625000.0,0.0489672
6000000.0,0.0633179
7500000.0,0.073306
8000000.0,0.0761048
9000000.0,0.0743281
1.0E7,0.074644
2.0E7,0.07