1.000000e-11  2.114330e+06  0.000000e+00
5.000000e-09  2.218557e+06  0.000000e+00
1.000000e-08  2.186848e+06  0.000000e+00
1.500000e-08  2.142212e+06  0.000000e+00
2.000000e-08  2.072709e+06  0.000000e+00
2.500000e-08  1.995076e+06  0.000000e+00
3.000000e-08  1.904439e+06  0.000000e+00
3.500000e-08  1.787066e+06  0.000000e+00
4.200000e-08  1.636516e+06  0.000000e+00
5.000000e-08  1.480639e+06  0.000000e+00
5.800000e-08  1.320945e+06  0.000000e+00
6.700000e-08  1.132000e+06  0.000000e+00
8.000000e-08  8.893378e+05  0.000000e+00
1.000000e-07  5.635990e+05  0.000000e+00
1.400000e-07  3.516310e+05  0.000000e+00
1.800000e-07  2.780752e+05  0.000000e+00
2.200000e-07  2.368978e+05  0.000000e+00
2.500000e-07  2.113098e+05  0.000000e+00
2.800000e-07  1.932957e+05  0.000000e+00
3.000000e-07  1.797460e+05  0.000000e+00
3.200000e-07  1.643090e+05  0.000000e+00
3.500000e-07  1.439584e+05  0.000000e+00
4.000000e-07  1.173587e+05  0.000000e+00
5.000000e-07  9.232338e+04  0.000000e+00
6.250000e-07  7.324523e+04  0.000000e+00
7.800000e-07  6.272891e+04  0.000000e+00
8.500000e-07  5.811158e+04  0.000000e+00
9.100000e-07  5.508634e+04  0.000000e+00
9.500000e-07  5.340039e+04  0.000000e+00
9.720000e-07  5.229492e+04  0.000000e+00
9.960000e-07  5.118216e+04  0.000000e+00
1.020000e-06  5.020260e+04  0.000000e+00
1.045000e-06  4.929807e+04  0.000000e+00
1.071000e-06  4.845422e+04  0.000000e+00
1.097000e-06  4.760024e+04  0.000000e+00
1.123000e-06  4.654442e+04  0.000000e+00
1.150000e-06  4.172428e+04  0.000000e+00
1.300000e-06  3.568255e+04  0.000000e+00
1.500000e-06  2.789741e+04  0.000000e+00
2.100000e-06  2.118125e+04  0.000000e+00
2.600000e-06  1.702705e+04  0.000000e+00
3.300000e-06  1.376408e+04  0.000000e+00
4.000000e-06  7.774641e+03  0.000000e+00
9.877000e-06  3.981692e+03  0.000000e+00
1.597000e-05  2.394702e+03  0.000000e+00
2.770000e-05  1.373782e+03  0.000000e+00
4.805000e-05  8.334930e+02  0.000000e+00
7.550000e-05  4.628564e+02  0.000000e+00
1.487000e-04  2.061906e+02  0.000000e+00
3.673000e-04  8.325225e+01  0.000000e+00
9.069000e-04  4.321647e+01  0.000000e+00
1.425000e-03  2.744750e+01  0.000000e+00
2.239000e-03  1.744328e+01  0.000000e+00
3.519000e-03  1.109613e+01  0.000000e+00
5.530000e-03  6.877712e+00  0.000000e+00
9.118000e-03  4.170977e+00  0.000000e+00
1.503000e-02  2.529304e+00  0.000000e+00
2.478000e-02  1.533599e+00  0.000000e+00
4.085000e-02  9.302485e-01  0.000000e+00
6.734000e-02  5.640785e-01  0.000000e+00
1.110000e-01  3.421756e-01  0.000000e+00
1.830000e-01  2.072261e-01  0.000000e+00
3.025000e-01  1.253973e-01  0.000000e+00
5.000000e-01  7.624847e-02  0.000000e+00
8.210000e-01  5.148722e-02  0.000000e+00
1.353000e+00  6.968272e-02  0.000000e+00
2.231000e+00  4.565787e-02  0.000000e+00
3.679000e+00  1.502994e-02  0.000000e+00
6.066000e+00  0.000000e+00  0.000000e+00
