1.000000e-11  1.552661e+06  0.000000e+00
5.000000e-09  1.909249e+06  0.000000e+00
1.000000e-08  2.025939e+06  0.000000e+00
1.500000e-08  2.091044e+06  0.000000e+00
2.000000e-08  2.092550e+06  0.000000e+00
2.500000e-08  2.063185e+06  0.000000e+00
3.000000e-08  2.008322e+06  0.000000e+00
3.500000e-08  1.911113e+06  0.000000e+00
4.200000e-08  1.771475e+06  0.000000e+00
5.000000e-08  1.624679e+06  0.000000e+00
5.800000e-08  1.460554e+06  0.000000e+00
6.700000e-08  1.262030e+06  0.000000e+00
8.000000e-08  9.987241e+05  0.000000e+00
1.000000e-07  6.370429e+05  0.000000e+00
1.400000e-07  4.011053e+05  0.000000e+00
1.800000e-07  3.227006e+05  0.000000e+00
2.200000e-07  2.825324e+05  0.000000e+00
2.500000e-07  2.585159e+05  0.000000e+00
2.800000e-07  2.393635e+05  0.000000e+00
3.000000e-07  2.211723e+05  0.000000e+00
3.200000e-07  1.981137e+05  0.000000e+00
3.500000e-07  1.677420e+05  0.000000e+00
4.000000e-07  1.327148e+05  0.000000e+00
5.000000e-07  1.009635e+05  0.000000e+00
6.250000e-07  7.858155e+04  0.000000e+00
7.800000e-07  6.711088e+04  0.000000e+00
8.500000e-07  6.231042e+04  0.000000e+00
9.100000e-07  5.935263e+04  0.000000e+00
9.500000e-07  5.780102e+04  0.000000e+00
9.720000e-07  5.692056e+04  0.000000e+00
9.960000e-07  5.606794e+04  0.000000e+00
1.020000e-06  5.553916e+04  0.000000e+00
1.045000e-06  5.524938e+04  0.000000e+00
1.071000e-06  5.512217e+04  0.000000e+00
1.097000e-06  5.487929e+04  0.000000e+00
1.123000e-06  5.376704e+04  0.000000e+00
1.150000e-06  4.526619e+04  0.000000e+00
1.300000e-06  3.766936e+04  0.000000e+00
1.500000e-06  2.853077e+04  0.000000e+00
2.100000e-06  2.143323e+04  0.000000e+00
2.600000e-06  1.575600e+04  0.000000e+00
3.300000e-06  1.442342e+04  0.000000e+00
4.000000e-06  8.232184e+03  0.000000e+00
9.877000e-06  3.899564e+03  0.000000e+00
1.597000e-05  2.406529e+03  0.000000e+00
2.770000e-05  1.871005e+03  0.000000e+00
4.805000e-05  8.634909e+02  0.000000e+00
7.550000e-05  4.065720e+02  0.000000e+00
1.487000e-04  1.464236e+02  0.000000e+00
3.673000e-04  7.814918e+01  0.000000e+00
9.069000e-04  4.197976e+01  0.000000e+00
1.425000e-03  2.680473e+01  0.000000e+00
2.239000e-03  1.675262e+01  0.000000e+00
3.519000e-03  1.092282e+01  0.000000e+00
5.530000e-03  6.694956e+00  0.000000e+00
9.118000e-03  4.092031e+00  0.000000e+00
1.503000e-02  2.466511e+00  0.000000e+00
2.478000e-02  1.498280e+00  0.000000e+00
4.085000e-02  9.124289e-01  0.000000e+00
6.734000e-02  5.548676e-01  0.000000e+00
1.110000e-01  3.367819e-01  0.000000e+00
1.830000e-01  2.048627e-01  0.000000e+00
3.025000e-01  1.326362e-01  0.000000e+00
5.000000e-01  1.112220e-01  0.000000e+00
8.210000e-01  9.318744e-02  0.000000e+00
1.353000e+00  8.158714e-02  0.000000e+00
2.231000e+00  4.615814e-02  0.000000e+00
3.679000e+00  1.375897e-02  0.000000e+00
6.066000e+00  0.000000e+00  0.000000e+00
