1.000000e-11  1.357307e+06  0.000000e+00
5.000000e-09  1.923215e+06  0.000000e+00
1.000000e-08  2.119364e+06  0.000000e+00
1.500000e-08  2.259732e+06  0.000000e+00
2.000000e-08  2.389867e+06  0.000000e+00
2.500000e-08  2.434194e+06  0.000000e+00
3.000000e-08  2.476207e+06  0.000000e+00
3.500000e-08  2.492482e+06  0.000000e+00
4.200000e-08  2.461663e+06  0.000000e+00
5.000000e-08  2.363687e+06  0.000000e+00
5.800000e-08  2.179745e+06  0.000000e+00
6.700000e-08  1.810337e+06  0.000000e+00
8.000000e-08  1.248159e+06  0.000000e+00
1.000000e-07  5.982175e+05  0.000000e+00
1.400000e-07  2.926502e+05  0.000000e+00
1.800000e-07  2.273781e+05  0.000000e+00
2.200000e-07  1.778078e+05  0.000000e+00
2.500000e-07  9.879099e+04  0.000000e+00
2.800000e-07  7.170141e+04  0.000000e+00
3.000000e-07  8.310662e+04  0.000000e+00
3.200000e-07  8.979837e+04  0.000000e+00
3.500000e-07  7.312496e+04  0.000000e+00
4.000000e-07  5.511592e+04  0.000000e+00
5.000000e-07  4.434067e+04  0.000000e+00
6.250000e-07  3.698061e+04  0.000000e+00
7.800000e-07  3.185727e+04  0.000000e+00
8.500000e-07  2.888676e+04  0.000000e+00
9.100000e-07  2.635174e+04  0.000000e+00
9.500000e-07  2.478568e+04  0.000000e+00
9.720000e-07  2.351194e+04  0.000000e+00
9.960000e-07  2.251644e+04  0.000000e+00
1.020000e-06  2.242544e+04  0.000000e+00
1.045000e-06  2.156415e+04  0.000000e+00
1.071000e-06  1.740950e+04  0.000000e+00
1.097000e-06  1.446282e+04  0.000000e+00
1.123000e-06  1.348293e+04  0.000000e+00
1.150000e-06  1.807925e+04  0.000000e+00
1.300000e-06  1.774389e+04  0.000000e+00
1.500000e-06  9.727432e+03  0.000000e+00
2.100000e-06  1.231788e+04  0.000000e+00
2.600000e-06  1.072559e+04  0.000000e+00
3.300000e-06  8.372661e+03  0.000000e+00
4.000000e-06  3.949905e+03  0.000000e+00
9.877000e-06  1.946306e+03  0.000000e+00
1.597000e-05  1.072110e+03  0.000000e+00
2.770000e-05  8.960516e+02  0.000000e+00
4.805000e-05  5.345197e+02  0.000000e+00
7.550000e-05  2.668762e+02  0.000000e+00
1.487000e-04  8.184895e+01  0.000000e+00
3.673000e-04  6.606071e+01  0.000000e+00
9.069000e-04  3.585185e+01  0.000000e+00
1.425000e-03  2.355720e+01  0.000000e+00
2.239000e-03  1.483270e+01  0.000000e+00
3.519000e-03  1.001914e+01  0.000000e+00
5.530000e-03  6.201721e+00  0.000000e+00
9.118000e-03  3.850534e+00  0.000000e+00
1.503000e-02  2.328013e+00  0.000000e+00
2.478000e-02  1.425849e+00  0.000000e+00
4.085000e-02  8.735224e-01  0.000000e+00
6.734000e-02  5.343215e-01  0.000000e+00
1.110000e-01  3.267137e-01  0.000000e+00
1.830000e-01  1.993622e-01  0.000000e+00
3.025000e-01  1.336302e-01  0.000000e+00
5.000000e-01  1.250036e-01  0.000000e+00
8.210000e-01  1.109944e-01  0.000000e+00
1.353000e+00  8.442451e-02  0.000000e+00
2.231000e+00  4.521338e-02  0.000000e+00
3.679000e+00  1.291483e-02  0.000000e+00
6.066000e+00  0.000000e+00  0.000000e+00
