1.000000e-11  1.028635e+06  0.000000e+00
5.000000e-09  1.745415e+06  0.000000e+00
1.000000e-08  2.124253e+06  0.000000e+00
1.500000e-08  2.376889e+06  0.000000e+00
2.000000e-08  2.579830e+06  0.000000e+00
2.500000e-08  2.665904e+06  0.000000e+00
3.000000e-08  2.725402e+06  0.000000e+00
3.500000e-08  2.716369e+06  0.000000e+00
4.200000e-08  2.645893e+06  0.000000e+00
5.000000e-08  2.496151e+06  0.000000e+00
5.800000e-08  2.232610e+06  0.000000e+00
6.700000e-08  1.793745e+06  0.000000e+00
8.000000e-08  1.158542e+06  0.000000e+00
1.000000e-07  5.071973e+05  0.000000e+00
1.400000e-07  2.272585e+05  0.000000e+00
1.800000e-07  1.643101e+05  0.000000e+00
2.200000e-07  1.444520e+05  0.000000e+00
2.500000e-07  1.370883e+05  0.000000e+00
2.800000e-07  1.256698e+05  0.000000e+00
3.000000e-07  1.020268e+05  0.000000e+00
3.200000e-07  7.707215e+04  0.000000e+00
3.500000e-07  6.108493e+04  0.000000e+00
4.000000e-07  5.437023e+04  0.000000e+00
5.000000e-07  4.818516e+04  0.000000e+00
6.250000e-07  4.160508e+04  0.000000e+00
7.800000e-07  3.628270e+04  0.000000e+00
8.500000e-07  3.314395e+04  0.000000e+00
9.100000e-07  3.043629e+04  0.000000e+00
9.500000e-07  2.860274e+04  0.000000e+00
9.720000e-07  2.677882e+04  0.000000e+00
9.960000e-07  2.402393e+04  0.000000e+00
1.020000e-06  1.875455e+04  0.000000e+00
1.045000e-06  1.501709e+04  0.000000e+00
1.071000e-06  1.683074e+04  0.000000e+00
1.097000e-06  1.817945e+04  0.000000e+00
1.123000e-06  1.829764e+04  0.000000e+00
1.150000e-06  2.071175e+04  0.000000e+00
1.300000e-06  1.771637e+04  0.000000e+00
1.500000e-06  9.298254e+03  0.000000e+00
2.100000e-06  1.255739e+04  0.000000e+00
2.600000e-06  1.255138e+04  0.000000e+00
3.300000e-06  9.559218e+03  0.000000e+00
4.000000e-06  5.743565e+03  0.000000e+00
9.877000e-06  2.241921e+03  0.000000e+00
1.597000e-05  1.300547e+03  0.000000e+00
2.770000e-05  1.098960e+03  0.000000e+00
4.805000e-05  5.862284e+02  0.000000e+00
7.550000e-05  2.892164e+02  0.000000e+00
1.487000e-04  9.085433e+01  0.000000e+00
3.673000e-04  6.811342e+01  0.000000e+00
9.069000e-04  3.694683e+01  0.000000e+00
1.425000e-03  2.414600e+01  0.000000e+00
2.239000e-03  1.515778e+01  0.000000e+00
3.519000e-03  1.020764e+01  0.000000e+00
5.530000e-03  6.290141e+00  0.000000e+00
9.118000e-03  3.893253e+00  0.000000e+00
1.503000e-02  2.350023e+00  0.000000e+00
2.478000e-02  1.436329e+00  0.000000e+00
4.085000e-02  8.792017e-01  0.000000e+00
6.734000e-02  5.369291e-01  0.000000e+00
1.110000e-01  3.275504e-01  0.000000e+00
1.830000e-01  1.997595e-01  0.000000e+00
3.025000e-01  1.312927e-01  0.000000e+00
5.000000e-01  1.163072e-01  0.000000e+00
8.210000e-01  1.097245e-01  0.000000e+00
1.353000e+00  8.536569e-02  0.000000e+00
2.231000e+00  4.604776e-02  0.000000e+00
3.679000e+00  1.328546e-02  0.000000e+00
6.066000e+00  0.000000e+00  0.000000e+00
