1.000000e-11  1.766240e+06  0.000000e+00
5.000000e-09  2.029410e+06  0.000000e+00
1.000000e-08  2.124937e+06  0.000000e+00
1.500000e-08  2.211234e+06  0.000000e+00
2.000000e-08  2.201394e+06  0.000000e+00
2.500000e-08  2.182877e+06  0.000000e+00
3.000000e-08  2.127825e+06  0.000000e+00
3.500000e-08  2.006771e+06  0.000000e+00
4.200000e-08  1.837400e+06  0.000000e+00
5.000000e-08  1.674762e+06  0.000000e+00
5.800000e-08  1.484975e+06  0.000000e+00
6.700000e-08  1.268621e+06  0.000000e+00
8.000000e-08  9.856243e+05  0.000000e+00
1.000000e-07  6.113653e+05  0.000000e+00
1.400000e-07  3.652669e+05  0.000000e+00
1.800000e-07  2.677096e+05  0.000000e+00
2.200000e-07  1.986559e+05  0.000000e+00
2.500000e-07  1.302231e+05  0.000000e+00
2.800000e-07  8.813743e+04  0.000000e+00
3.000000e-07  8.562466e+04  0.000000e+00
3.200000e-07  1.044032e+05  0.000000e+00
3.500000e-07  1.244594e+05  0.000000e+00
4.000000e-07  1.135767e+05  0.000000e+00
5.000000e-07  8.873509e+04  0.000000e+00
6.250000e-07  6.952819e+04  0.000000e+00
7.800000e-07  5.858065e+04  0.000000e+00
8.500000e-07  5.352387e+04  0.000000e+00
9.100000e-07  4.970862e+04  0.000000e+00
9.500000e-07  4.679821e+04  0.000000e+00
9.720000e-07  4.289272e+04  0.000000e+00
9.960000e-07  3.390081e+04  0.000000e+00
1.020000e-06  1.624755e+04  0.000000e+00
1.045000e-06  9.114965e+03  0.000000e+00
1.071000e-06  2.064342e+04  0.000000e+00
1.097000e-06  3.926315e+04  0.000000e+00
1.123000e-06  4.627423e+04  0.000000e+00
1.150000e-06  3.154516e+04  0.000000e+00
1.300000e-06  1.806741e+04  0.000000e+00
1.500000e-06  7.733473e+03  0.000000e+00
2.100000e-06  1.127320e+04  0.000000e+00
2.600000e-06  1.559098e+04  0.000000e+00
3.300000e-06  1.176148e+04  0.000000e+00
4.000000e-06  8.193777e+03  0.000000e+00
9.877000e-06  2.924733e+03  0.000000e+00
1.597000e-05  2.018709e+03  0.000000e+00
2.770000e-05  1.670938e+03  0.000000e+00
4.805000e-05  8.480972e+02  0.000000e+00
7.550000e-05  3.465121e+02  0.000000e+00
1.487000e-04  1.038108e+02  0.000000e+00
3.673000e-04  7.492928e+01  0.000000e+00
9.069000e-04  3.925229e+01  0.000000e+00
1.425000e-03  2.512607e+01  0.000000e+00
2.239000e-03  1.564958e+01  0.000000e+00
3.519000e-03  1.055493e+01  0.000000e+00
5.530000e-03  6.434276e+00  0.000000e+00
9.118000e-03  3.967309e+00  0.000000e+00
1.503000e-02  2.381954e+00  0.000000e+00
2.478000e-02  1.451483e+00  0.000000e+00
4.085000e-02  8.878089e-01  0.000000e+00
6.734000e-02  5.413000e-01  0.000000e+00
1.110000e-01  3.297184e-01  0.000000e+00
1.830000e-01  2.007059e-01  0.000000e+00
3.025000e-01  1.304955e-01  0.000000e+00
5.000000e-01  1.114831e-01  0.000000e+00
8.210000e-01  1.087292e-01  0.000000e+00
1.353000e+00  8.446926e-02  0.000000e+00
2.231000e+00  4.550885e-02  0.000000e+00
3.679000e+00  1.319855e-02  0.000000e+00
6.066000e+00  0.000000e+00  0.000000e+00
