1.000000e-11  1.984563e+06  0.000000e+00
5.000000e-09  2.114868e+06  0.000000e+00
1.000000e-08  2.011468e+06  0.000000e+00
1.500000e-08  1.982609e+06  0.000000e+00
2.000000e-08  1.964713e+06  0.000000e+00
2.500000e-08  1.936460e+06  0.000000e+00
3.000000e-08  1.918002e+06  0.000000e+00
3.500000e-08  1.869045e+06  0.000000e+00
4.200000e-08  1.822833e+06  0.000000e+00
5.000000e-08  1.759890e+06  0.000000e+00
5.800000e-08  1.677304e+06  0.000000e+00
6.700000e-08  1.534778e+06  0.000000e+00
8.000000e-08  1.294977e+06  0.000000e+00
1.000000e-07  8.297037e+05  0.000000e+00
1.400000e-07  4.687532e+05  0.000000e+00
1.800000e-07  2.918443e+05  0.000000e+00
2.200000e-07  1.678935e+05  0.000000e+00
2.500000e-07  1.115459e+05  0.000000e+00
2.800000e-07  1.021450e+05  0.000000e+00
3.000000e-07  1.010379e+05  0.000000e+00
3.200000e-07  9.356299e+04  0.000000e+00
3.500000e-07  7.869063e+04  0.000000e+00
4.000000e-07  6.234458e+04  0.000000e+00
5.000000e-07  4.986401e+04  0.000000e+00
6.250000e-07  4.109296e+04  0.000000e+00
7.800000e-07  3.539333e+04  0.000000e+00
8.500000e-07  3.225156e+04  0.000000e+00
9.100000e-07  2.961185e+04  0.000000e+00
9.500000e-07  2.794100e+04  0.000000e+00
9.720000e-07  2.644928e+04  0.000000e+00
9.960000e-07  2.474322e+04  0.000000e+00
1.020000e-06  2.234155e+04  0.000000e+00
1.045000e-06  2.003179e+04  0.000000e+00
1.071000e-06  1.880339e+04  0.000000e+00
1.097000e-06  1.764754e+04  0.000000e+00
1.123000e-06  1.705487e+04  0.000000e+00
1.150000e-06  2.050826e+04  0.000000e+00
1.300000e-06  1.883228e+04  0.000000e+00
1.500000e-06  1.018224e+04  0.000000e+00
2.100000e-06  1.223568e+04  0.000000e+00
2.600000e-06  1.179461e+04  0.000000e+00
3.300000e-06  9.072693e+03  0.000000e+00
4.000000e-06  4.429292e+03  0.000000e+00
9.877000e-06  1.907120e+03  0.000000e+00
1.597000e-05  1.184368e+03  0.000000e+00
2.770000e-05  9.880575e+02  0.000000e+00
4.805000e-05  5.467678e+02  0.000000e+00
7.550000e-05  2.851900e+02  0.000000e+00
1.487000e-04  9.287774e+01  0.000000e+00
3.673000e-04  6.839333e+01  0.000000e+00
9.069000e-04  3.677696e+01  0.000000e+00
1.425000e-03  2.407442e+01  0.000000e+00
2.239000e-03  1.517206e+01  0.000000e+00
3.519000e-03  1.017964e+01  0.000000e+00
5.530000e-03  6.295934e+00  0.000000e+00
9.118000e-03  3.895795e+00  0.000000e+00
1.503000e-02  2.355268e+00  0.000000e+00
2.478000e-02  1.440126e+00  0.000000e+00
4.085000e-02  8.811288e-01  0.000000e+00
6.734000e-02  5.383188e-01  0.000000e+00
1.110000e-01  3.289549e-01  0.000000e+00
1.830000e-01  2.009119e-01  0.000000e+00
3.025000e-01  1.333943e-01  0.000000e+00
5.000000e-01  1.210656e-01  0.000000e+00
8.210000e-01  1.106859e-01  0.000000e+00
1.353000e+00  8.423693e-02  0.000000e+00
2.231000e+00  4.526780e-02  0.000000e+00
3.679000e+00  1.302967e-02  0.000000e+00
6.066000e+00  0.000000e+00  0.000000e+00
