1.000000e-11  1.260880e+06  0.000000e+00
5.000000e-09  1.780984e+06  0.000000e+00
1.000000e-08  2.012425e+06  0.000000e+00
1.500000e-08  2.155625e+06  0.000000e+00
2.000000e-08  2.223674e+06  0.000000e+00
2.500000e-08  2.247359e+06  0.000000e+00
3.000000e-08  2.231979e+06  0.000000e+00
3.500000e-08  2.184303e+06  0.000000e+00
4.200000e-08  2.073711e+06  0.000000e+00
5.000000e-08  1.965566e+06  0.000000e+00
5.800000e-08  1.817515e+06  0.000000e+00
6.700000e-08  1.621543e+06  0.000000e+00
8.000000e-08  1.338774e+06  0.000000e+00
1.000000e-07  8.947062e+05  0.000000e+00
1.400000e-07  5.212254e+05  0.000000e+00
1.800000e-07  2.875242e+05  0.000000e+00
2.200000e-07  1.446778e+05  0.000000e+00
2.500000e-07  8.636713e+04  0.000000e+00
2.800000e-07  4.992833e+04  0.000000e+00
3.000000e-07  4.435020e+04  0.000000e+00
3.200000e-07  9.219141e+04  0.000000e+00
3.500000e-07  1.323026e+05  0.000000e+00
4.000000e-07  1.174319e+05  0.000000e+00
5.000000e-07  7.729761e+04  0.000000e+00
6.250000e-07  7.532537e+04  0.000000e+00
7.800000e-07  6.043217e+04  0.000000e+00
8.500000e-07  5.400632e+04  0.000000e+00
9.100000e-07  4.918470e+04  0.000000e+00
9.500000e-07  4.583805e+04  0.000000e+00
9.720000e-07  4.208788e+04  0.000000e+00
9.960000e-07  3.491241e+04  0.000000e+00
1.020000e-06  2.060004e+04  0.000000e+00
1.045000e-06  1.338335e+04  0.000000e+00
1.071000e-06  2.180489e+04  0.000000e+00
1.097000e-06  3.157340e+04  0.000000e+00
1.123000e-06  3.345892e+04  0.000000e+00
1.150000e-06  1.186241e+04  0.000000e+00
1.300000e-06  1.609509e+04  0.000000e+00
1.500000e-06  9.589786e+03  0.000000e+00
2.100000e-06  1.242168e+04  0.000000e+00
2.600000e-06  1.590440e+04  0.000000e+00
3.300000e-06  1.111757e+04  0.000000e+00
4.000000e-06  4.442645e+03  0.000000e+00
9.877000e-06  2.466849e+03  0.000000e+00
1.597000e-05  9.236198e+02  0.000000e+00
2.770000e-05  9.537824e+02  0.000000e+00
4.805000e-05  7.053793e+02  0.000000e+00
7.550000e-05  3.193265e+02  0.000000e+00
1.487000e-04  1.156963e+02  0.000000e+00
3.673000e-04  7.348593e+01  0.000000e+00
9.069000e-04  3.811843e+01  0.000000e+00
1.425000e-03  2.455234e+01  0.000000e+00
2.239000e-03  1.563728e+01  0.000000e+00
3.519000e-03  1.038820e+01  0.000000e+00
5.530000e-03  6.428810e+00  0.000000e+00
9.118000e-03  3.957106e+00  0.000000e+00
1.503000e-02  2.393987e+00  0.000000e+00
2.478000e-02  1.463847e+00  0.000000e+00
4.085000e-02  8.956161e-01  0.000000e+00
6.734000e-02  5.472716e-01  0.000000e+00
1.110000e-01  3.352064e-01  0.000000e+00
1.830000e-01  2.050066e-01  0.000000e+00
3.025000e-01  1.379864e-01  0.000000e+00
5.000000e-01  1.220533e-01  0.000000e+00
8.210000e-01  1.034987e-01  0.000000e+00
1.353000e+00  8.506729e-02  0.000000e+00
2.231000e+00  4.567656e-02  0.000000e+00
3.679000e+00  1.309703e-02  0.000000e+00
6.066000e+00  0.000000e+00  0.000000e+00
