94-Pu-238(n,total fission) ENDF/B-VII.1
1.0E-5,1117.18
1.31241E-5,975.158
1.70876E-5,854.576
2.2426E-5,745.929
2.91987E-5,653.677
3.83206E-5,570.544
4.98935E-5,499.962
6.54808E-5,436.354
8.52562E-5,382.351
1.11891E-4,333.671
1.45682E-4,292.33
1.91195E-4,255.075
2.48937E-4,223.424
3.26707E-4,194.88
4.25373E-4,170.633
5.58264E-4,148.759
7.26861E-4,130.173
9.53941E-4,113.387
0.00124203,99.1005
0.00163006,86.1937
0.00212234,75.1963
0.00278538,65.2384
0.00362657,56.7441
0.00497149,47.9883
0.00680278,40.3139
0.00885724,34.7154
0.012142,28.8338
0.0158747,24.3628
0.0207477,20.4149
0.024383,18.2577
0.0253,17.7872
0.033204,14.5645
0.041464,12.2503
0.0516848,10.1429
0.0648112,8.22673
0.0792892,6.72925
0.0969512,5.45798
0.113327,4.55907
0.132401,3.7752
0.154601,3.09762
0.18042,2.51675
0.211288,2.01572
0.24733,1.59917
0.289387,1.2635
0.330901,1.02162
0.377585,0.824969
0.431636,0.662796
0.483724,0.548317
0.557109,0.433601
0.622093,0.360946
0.694467,0.301059
0.781316,0.248206
0.882641,0.204626
0.993615,0.170954
1.10941,0.145325
1.26381,0.121575
1.45681,0.102064
1.64981,0.0895136
1.88141,0.081027
2.05511,0.0789576
2.18538,0.0806703
2.31565,0.0871694
2.4025,0.0966289
2.46764,0.108898
2.52192,0.125241
2.56535,0.145254
2.60274,0.170794
2.63458,0.202566
2.6645,0.246589
2.68814,0.297442
2.70841,0.359494
2.72722,0.441833
2.7417,0.531055
2.75545,0.649281
2.76727,0.792385
2.7774,0.963724
2.78609,1.16627
2.79405,1.4201
2.80201,1.76971
2.80961,2.23067
2.81721,2.86151
2.82421,3.63424
2.83193,4.73919
2.84061,6.31331
2.8657,11.7682
2.87574,13.2803
2.88473,13.7508
2.89426,13.2038
2.9043,11.6365
2.92939,6.20159
2.93856,4.57915
2.94616,3.52609
2.95303,2.78814
2.96063,2.17263
2.96751,1.75879
2.97474,1.43312
2.98343,1.14887
2.9926,0.93466
3.00273,0.764749
3.01455,0.623121
3.0283,0.506404
3.04278,0.418529
3.06063,0.341079
3.08089,0.279157
3.10574,0.226406
3.13324,0.186216
3.16533,0.153912
3.20345,0.127684
3.24687,0.107373
3.30236,0.0901005
3.36267,0.0776884
3.43505,0.0677518
3.53637,0.0588581
3.64252,0.0528793
3.81139,0.0469405
4.04299,0.0421813
4.42899,0.0378123
4.93078,0.0347598
5.74138,0.0324322
6.30471,0.0320161
7.07504,0.033177
7.59289,0.0358642
7.96574,0.0397051
8.23502,0.0443909
8.48359,0.0513284
8.69073,0.0605168
8.85644,0.0719477
9.00144,0.0871733
9.10501,0.103074
9.2047,0.124907
9.28626,0.150314
9.36005,0.182627
9.42349,0.221729
9.48434,0.274868
9.53612,0.33933
9.58143,0.41902
9.62286,0.522307
9.65911,0.650984
9.68759,0.792121
9.71478,0.979367
9.73886,1.21399
9.7575,1.4674
9.77304,1.75497
9.78909,2.16886
9.80204,2.63939
9.81498,3.30213
9.82586,4.08043
9.83622,5.09063
9.84657,6.45776
9.85693,8.29191
9.86781,10.8489
9.87946,14.4422
9.8924,19.572
9.90872,27.6221
9.94238,45.8937
9.95926,52.2291
9.97456,54.2851
9.98991,52.2916
10.0076,45.6302
10.0507,22.5719
10.0647,16.4694
10.0768,12.3211
10.0882,9.30246
10.0982,7.26728
10.1076,5.82849
10.1179,4.62161
10.1293,3.65355
10.1397,3.01048
10.1526,2.42637
10.1656,2.0072
10.1811,1.64422
10.1997,1.33494
10.2197,1.09817
10.2417,0.907315
10.2681,0.740451
10.2961,0.611481
10.3323,0.490793
10.3686,0.403953
10.4139,0.325702
10.4657,0.262556
10.5265,0.210639
10.5899,0.172546
10.6637,0.141148
10.7453,0.116539
10.8398,0.0963735
10.9486,0.0801505
11.0573,0.0686369
11.1868,0.0588196
11.3732,0.0492607
11.57,0.042638
11.8289,0.0369762
12.1914,0.0322575
12.6678,0.0289035
13.2064,0.0271147
13.8128,0.0265175
14.4193,0.027069
15.1324,0.0294273
15.6772,0.0331279
16.0912,0.0380626
16.4079,0.0440047
16.6953,0.0522725
16.9096,0.0614545
17.1094,0.0738871
17.2799,0.0892722
17.4211,0.107447
17.5575,0.132611
17.6696,0.16223
17.7719,0.200668
17.8596,0.24743
17.9375,0.305992
18.0057,0.37802
18.0666,0.468522
18.1177,0.574643
18.1628,0.703709
18.2054,0.873919
18.2395,1.06287
18.2736,1.32739
18.298,1.59049
18.3223,1.95644
18.3406,2.34128
18.3589,2.8832
18.3731,3.47796
18.387,4.27952
18.3986,5.18764
18.4111,6.51603
18.4238,8.34779
18.4351,10.5328
18.4461,13.264
18.4592,17.5113
18.4738,23.6789
18.4892,31.9518
18.5096,45.7143
18.5571,81.9098
18.5766,92.5961
18.5973,97.4329
18.5996,97.4894
18.6187,94.1617
18.638,84.709
18.6701,61.0339
18.6984,39.7369
18.7169,28.2968
18.7325,20.718
18.7464,15.5104
18.7586,11.999
18.7707,9.31446
18.7837,7.19308
18.7968,5.61924
18.8085,4.5907
18.8231,3.65597
18.8385,2.96424
18.855,2.43522
18.8757,1.9721
18.8972,1.63378
18.9215,1.35456
18.9507,1.11079
18.9824,0.917718
19.0189,0.753847
19.0616,0.614416
19.1115,0.496707
19.17,0.398653
19.2333,0.32307
19.3015,0.264306
19.377,0.216902
19.4622,0.177979
19.5694,0.143162
19.6888,0.116048
19.83,0.0937376
19.9835,0.07696
20.1588,0.063524
20.3805,0.0519194
20.6021,0.0439966
20.8554,0.0376359
21.1721,0.0321877
21.6116,0.0272639
22.052,0.0240899
22.5821,0.0215535
23.2888,0.0194121
24.4667,0.0173189
25.8789,0.0160046
28.2285,0.0150828
28.6984,0.0150521
29.9068,0.0154705
30.4898,0.0163857
30.8542,0.0177625
31.1214,0.0198455
31.2672,0.0218534
31.4129,0.0251458
31.5198,0.0291153
31.6073,0.0342327
31.6801,0.0408794
31.7372,0.0488304
31.7797,0.0575125
31.8137,0.0673873
31.8429,0.0794283
31.8702,0.0960285
31.8915,0.115123
31.9097,0.138603
31.9249,0.165764
31.9415,0.207044
31.9571,0.260823
31.9726,0.334677
31.9882,0.434942
32.0032,0.563953
32.0193,0.743212
32.0368,0.996052
32.0564,1.35843
32.0819,1.94618
32.1446,3.60137
32.1728,4.12313
32.1985,4.3027
32.1998,4.30307
32.2243,4.15322
32.2505,3.69989
32.2962,2.51629
32.3288,1.67793
32.3516,1.19631
32.371,0.873398
32.3885,0.649192
32.4045,0.492473
32.42,0.378545
32.4338,0.301213
32.4477,0.242527
32.4638,0.192092
32.48,0.15593
32.4976,0.127884
32.5188,0.104527
32.5401,0.0884373
32.5705,0.0728246
32.6057,0.0607867
32.6482,0.050939
32.6992,0.0428942
32.7563,0.0367217
32.8352,0.0310194
32.9142,0.0272271
33.0259,0.0236881
33.1717,0.0208401
33.366,0.0186194
33.677,0.0167658
33.9879,0.0158321
34.6038,0.0151131
34.7635,0.0150781
35.2126,0.0153452
35.562,0.0162568
35.799,0.0178809
35.9487,0.0200847
36.0423,0.0225916
36.1109,0.0256007
36.1608,0.0289822
36.1983,0.032738
36.2357,0.0384967
36.2606,0.0444188
36.2836,0.0525238
36.3037,0.0630309
36.3209,0.0759241
36.3381,0.094006
36.3545,0.117779
36.3704,0.149251
36.3864,0.191094
36.4024,0.245618
36.4213,0.329767
36.4413,0.443684
36.4663,0.6229
36.5421,1.27868
36.5731,1.46258
36.5998,1.51756
36.6279,1.45633
36.6569,1.28258
36.7362,0.600844
36.7609,0.428037
36.7797,0.323853
36.7976,0.245102
36.8126,0.193809
36.8287,0.151088
36.8444,0.119595
36.8601,0.0961049
36.8759,0.0787579
36.8942,0.0642293
36.9125,0.0540387
36.9344,0.0456587
36.9606,0.0389519
36.9955,0.0331968
37.0392,0.0286389
37.1015,0.0245834
37.1639,0.0220039
37.2388,0.019952
37.3885,0.0175627
37.5382,0.0162606
37.8776,0.0148368
38.4764,0.0139274
39.5544,0.0134147
44.2584,0.0130686
51.8743,0.0135444
55.4578,0.0144251
56.9936,0.0154912
57.6682,0.0165918
58.073,0.017858
58.4328,0.0199827
58.6576,0.0224211
58.8375,0.0257597
58.9725,0.0299163
59.0826,0.035386
59.1614,0.0414316
59.2243,0.0486046
59.2783,0.0577818
59.3143,0.0667754
59.3458,0.0781229
59.375,0.0937845
59.3986,0.112494
59.4188,0.135306
59.4391,0.167349
59.4559,0.203892
59.4728,0.252454
59.4919,0.326524
59.5099,0.419961
59.5279,0.542232
59.5481,0.721719
59.5702,0.976766
59.5922,1.30178
59.6201,1.81769
59.6597,2.72404
59.7226,4.27226
59.7622,4.97215
59.7964,5.21104
59.7997,5.21301
59.8342,5.00969
59.872,4.37872
59.9709,2.00201
59.9988,1.45205
60.024,1.05423
60.0444,0.799576
60.0633,0.614121
60.0822,0.469979
60.1011,0.360306
60.1199,0.278775
60.1367,0.22391
60.1564,0.176655
60.1761,0.14278
60.1958,0.118457
60.2194,0.0979214
60.243,0.0836316
60.2745,0.0705513
60.3138,0.0597015
60.3656,0.0503117
60.424,0.0431902
60.4971,0.0371379
60.6006,0.0315745
60.7355,0.0271415
60.9154,0.0237187
61.1448,0.0213232
61.527,0.0194238
61.9948,0.0185439
62.4625,0.0183273
63.5226,0.0189498
64.7183,0.0209935
65.5569,0.023589
66.2557,0.0271316
66.7958,0.0315094
67.2184,0.0367691
67.5807,0.0434937
67.91,0.0527057
68.1789,0.0640064
68.393,0.0771292
68.5851,0.0940025
68.7525,0.115123
68.887,0.139081
69.016,0.171406
69.1257,0.210345
69.2218,0.258158
69.3096,0.319793
69.3865,0.396413
69.4455,0.478416
69.5031,0.590531
69.5511,0.725299
69.5854,0.861958
69.6197,1.05779
69.6472,1.28579
69.6719,1.57854
69.6938,1.94383
69.7158,2.45239
69.735,3.05995
69.7549,3.90375
69.7755,5.0759
69.7961,6.63574
69.8182,8.84567
69.8396,11.6198
69.8645,15.7609
69.8936,21.9104
69.9287,31.1486
70.0155,57.2955
70.0539,65.95
70.0912,69.8447
70.0998,69.9887
70.1362,67.4053
70.1703,60.837
70.2229,45.7802
70.2811,28.2906
70.3141,20.0972
70.3393,15.0282
70.3624,11.3288
70.3846,8.53249
70.4044,6.6005
70.4241,5.10598
70.4439,3.96857
70.4623,3.16561
70.4815,2.53145
70.5034,1.99993
70.5254,1.61805
70.5494,1.31949
70.5734,1.10542
70.6008,0.928637
70.6352,0.771645
70.6736,0.646619
70.723,0.531777
70.7806,0.436303
70.8424,0.362086
70.9165,0.297166
71.0056,0.24119
71.1017,0.198083
71.217,0.161183
71.3514,0.130976
71.5051,0.106947
71.6698,0.0889147
71.8344,0.0759136
72.0375,0.0643441
72.3175,0.0535002
72.5974,0.0462483
72.9983,0.0395178
73.4597,0.0348545
74.1492,0.0312249
74.8339,0.029771
75.1378,0.0296326
75.8218,0.0302782
76.3104,0.0316965
76.6795,0.0337581
76.8966,0.0359707
77.0595,0.0390454
77.1409,0.0418769
77.2087,0.0462767
77.2467,0.0507441
77.2834,0.0578976
77.3139,0.0675109
77.3383,0.0788757
77.3658,0.0972
77.3903,0.120018
77.4147,0.150609
77.4409,0.193844
77.4719,0.260281
77.5073,0.357216
77.6131,0.709615
77.6544,0.810703
77.6935,0.852216
77.6999,0.853084
77.7347,0.828003
77.7727,0.749261
77.8346,0.551531
77.8911,0.36386
77.9291,0.26058
77.9589,0.197346
77.9863,0.153033
78.0113,0.122552
78.0391,0.0980154
78.067,0.0810997
78.0948,0.0697372
78.1226,0.0622369
78.156,0.0565648
78.2103,0.0516785
78.2645,0.0493624
78.4165,0.0473157
78.4681,0.0472244
78.726,0.048583
79.0896,0.0532247
79.5614,0.0628601
79.9838,0.0760307
80.3257,0.0915617
80.6308,0.111364
80.8922,0.135423
81.1246,0.165394
81.3279,0.202088
81.5095,0.247863
81.662,0.300958
81.8145,0.374991
81.9416,0.46164
82.0542,0.568095
82.1559,0.701784
82.2503,0.876672
82.3265,1.07481
82.3919,1.30917
82.4518,1.60858
82.5008,1.95383
82.5408,2.34886
82.5771,2.85838
82.6093,3.50947
82.6368,4.29887
82.6595,5.19549
82.684,6.51215
82.7085,8.33016
82.7325,10.7644
82.7565,14.051
82.7804,18.4178
82.8051,24.2966
82.8306,32.0578
82.8618,44.2272
82.8996,62.8429
83.0114,129.206
83.0535,147.224
83.0942,154.577
83.0997,154.688
83.1407,148.805
83.1828,131.943
83.2583,87.3355
83.3095,57.8498
83.3433,41.9478
83.3723,31.0228
83.3992,23.1204
83.4232,17.667
83.4472,13.4882
83.47,10.4724
83.4929,8.20904
83.5158,6.52618
83.5387,5.27986
83.5648,4.24377
83.5938,3.42992
83.6229,2.85245
83.6592,2.34146
83.6992,1.94557
83.7445,1.62175
83.799,1.33961
83.8698,1.07759
83.9461,0.876844
84.0332,0.711735
84.1313,0.577989
84.2457,0.466041
84.3709,0.378153
84.5162,0.305197
84.6796,0.246768
84.8575,0.201268
85.0681,0.162948
85.286,0.134589
85.5402,0.1107
85.8452,0.090448
86.2011,0.0740885
86.6151,0.0609923
87.0072,0.0522926
87.5321,0.0441063
88.1958,0.037265
88.8761,0.0325806
89.7056,0.0289304
90.6051,0.0262505
92.0594,0.0237746
93.5965,0.0226777
94.0239,0.0226292
94.8982,0.0232393
95.248,0.0243623
95.4423,0.0259146
95.5661,0.0280671
95.6463,0.0311471
95.6863,0.0341101
95.7264,0.0391466
95.7586,0.0457914
95.7859,0.0542887
95.8132,0.0665476
95.8406,0.0839029
95.8679,0.107876
95.8952,0.140032
95.9253,0.186497
95.9571,0.249671
95.996,0.345498
96.1029,0.654387
96.1495,0.753653
96.193,0.793419
96.1997,0.794173
96.2389,0.769438
96.2816,0.6917
96.3457,0.514409
96.4108,0.326874
96.4497,0.23482
96.4821,0.174081
96.5101,0.133279
96.5356,0.104712
96.5611,0.0830692
96.5866,0.0670787
96.6121,0.0555147
96.6396,0.0467752
96.67,0.0402853
96.7003,0.0360386
96.7489,0.0320145
96.8217,0.0290529
96.9189,0.0272034
97.1132,0.0256368
97.4435,0.024994
97.9469,0.0258871
98.2913,0.0278675
98.5471,0.0309846
98.7193,0.0350082
98.8423,0.0400842
98.9211,0.0454347
98.9801,0.0518048
99.0244,0.059361
99.0613,0.069189
99.0908,0.0810594
99.1203,0.098667
99.1449,0.11988
99.1664,0.145301
99.188,0.179247
99.2095,0.224168
99.231,0.28289
99.2525,0.358528
99.2777,0.472976
99.3048,0.6321
99.3343,0.853872
99.37,1.19179
99.418,1.75137
99.5016,2.80137
99.5508,3.24664
99.5953,3.40847
99.5998,3.40988
99.6413,3.29145
99.6846,2.94389
99.7535,2.11375
99.8175,1.32515
99.8531,0.96258
99.8858,0.696143
99.9136,0.519322
99.9382,0.397319
99.9628,0.303249
99.9874,0.232368
100.011,0.182255
100.033,0.146901
100.058,0.118153
100.082,0.0976127
100.112,0.0805503
100.141,0.069034
100.181,0.0589848
100.23,0.0511949
100.289,0.045355
100.387,0.0394577
100.515,0.0350193
100.663,0.0320249
100.859,0.0297486
101.214,0.0278338
101.922,0.026937
102.771,0.0275847
103.991,0.029987
105.1,0.0336047
106.091,0.039139
106.823,0.0457989
107.37,0.0538613
107.78,0.06329
108.106,0.074649
108.385,0.0894407
108.606,0.10715
108.798,0.130114
108.935,0.15403
109.06,0.185365
109.175,0.227033
109.262,0.272024
109.335,0.326492
109.397,0.391311
109.45,0.47381
109.489,0.560639
109.522,0.669589
109.551,0.802214
109.578,0.979917
109.602,1.1949
109.626,1.48738
109.65,1.88469
109.674,2.42097
109.698,3.13705
109.722,4.1104
109.747,5.37837
109.772,6.99576
109.8,9.38896
109.833,12.8526
109.873,18.1506
109.949,30.2446
110.008,39.3139
110.056,44.333
110.1,45.916
110.144,44.3009
110.192,39.2587
110.269,27.1852
110.331,17.4565
110.37,12.4308
110.404,9.01613
110.431,6.81003
110.458,5.08703
110.482,3.92225
110.506,3.02463
110.53,2.34442
110.554,1.83618
110.578,1.46044
110.601,1.19812
110.625,0.99247
110.653,0.816706
110.687,0.678389
110.725,0.577159
110.77,0.508487
110.804,0.48143
110.828,0.474909
110.874,0.489348
110.921,0.542061
110.969,0.637499
111.051,0.866111
111.126,1.06302
111.18,1.13382
111.195,1.13724
111.243,1.09879
111.297,0.976017
111.431,0.542576
111.475,0.427635
111.52,0.342529
111.563,0.287029
111.609,0.249657
111.665,0.226366
111.74,0.215661
111.768,0.214876
111.907,0.222699
112.057,0.243931
112.232,0.285276
112.385,0.342025
112.501,0.405561
112.618,0.497323
112.708,0.599978
112.786,0.723526
112.854,0.876136
112.912,1.06439
112.96,1.29477
112.996,1.53843
113.028,1.85072
113.056,2.23309
113.085,2.76667
113.112,3.49317
113.138,4.43861
113.164,5.72732
113.19,7.46612
113.215,9.69594
113.241,12.7969
113.27,17.202
113.3,23.0408
113.334,31.3323
113.381,45.5208
113.497,86.3389
113.543,98.3721
113.591,103.956
113.6,104.09
113.645,100.364
113.697,88.1771
113.788,56.2541
113.843,37.7737
113.88,27.4288
113.911,20.5281
113.941,15.2924
113.97,11.4195
113.996,8.72243
114.02,6.76108
114.046,5.20492
114.072,4.05551
114.098,3.21356
114.125,2.56622
114.153,2.08932
114.182,1.74568
114.214,1.4627
114.258,1.19799
114.303,1.00842
114.359,0.840703
114.427,0.69808
114.508,0.577374
114.605,0.475124
114.708,0.397836
114.844,0.327136
115.002,0.271719
115.174,0.231723
115.384,0.199978
115.636,0.177361
115.931,0.164627
116.143,0.162242
116.475,0.168627
116.724,0.182668
116.957,0.205831
117.143,0.235239
117.33,0.280517
117.479,0.336054
117.592,0.396872
117.685,0.468227
117.775,0.566683
117.847,0.679746
117.908,0.820377
117.958,0.988965
117.998,1.18911
118.034,1.44025
118.064,1.75069
118.095,2.18804
118.125,2.78021
118.152,3.49862
118.178,4.43732
118.207,5.82281
118.236,7.65393
118.268,10.2848
118.301,13.7968
118.341,19.1163
118.393,27.7254
118.494,45.6207
118.545,52.1616
118.595,54.7365
118.6,54.7539
118.65,52.5652
118.698,46.8224
118.785,31.5878
118.847,20.9918
118.888,15.1164
118.922,11.2647
118.952,8.58729
118.98,6.63045
119.007,5.12657
119.035,3.98396
119.063,3.1295
119.09,2.49778
119.119,2.01875
119.15,1.64542
119.186,1.34299
119.223,1.13452
119.272,0.941538
119.33,0.794208
119.397,0.681852
119.48,0.588123
119.588,0.510643
119.704,0.460444
119.878,0.423487
119.994,0.415873
120.217,0.429107
120.439,0.475421
120.642,0.550637
120.832,0.660924
120.995,0.801556
121.131,0.9691
121.258,1.19024
121.367,1.45829
121.462,1.78743
121.541,2.16867
121.609,2.6193
121.666,3.13657
121.72,3.82906
121.762,4.60933
121.8,5.60402
121.834,6.85401
121.865,8.41078
121.896,10.6062
121.922,13.1285
121.951,16.8104
121.979,21.7508
122.008,28.2835
122.036,36.6072
122.066,47.887
122.103,65.7947
122.146,92.4173
122.214,143.749
122.289,202.05
122.342,231.799
122.393,244.018
122.4,244.204
122.451,234.466
122.503,206.63
122.649,95.3039
122.695,67.1487
122.731,49.3603
122.762,37.1724
122.792,28.2602
122.822,21.4707
122.85,16.8034
122.878,13.1219
122.907,10.4015
122.935,8.3988
122.968,6.74298
123.003,5.48894
123.043,4.46501
123.089,3.67486
123.136,3.08332
123.193,2.57073
123.261,2.12317
123.347,1.71627
123.442,1.39533
123.544,1.14597
123.666,0.929047
123.809,0.748165
123.963,0.608329
124.145,0.490584
124.339,0.400054
124.561,0.325906
124.811,0.266322
125.082,0.219571
125.4,0.180281
125.762,0.14836
126.206,0.121145
126.725,0.099352
127.256,0.0840851
127.891,0.0719641
128.3,0.0679463
128.401,0.0689162
128.481,0.0730375
128.536,0.0804399
128.58,0.0914381
128.623,0.108797
128.662,0.132588
128.702,0.165323
128.751,0.219515
128.838,0.340021
128.908,0.432149
128.96,0.476369
128.999,0.48673
129.051,0.468322
129.1,0.420888
129.249,0.214732
129.297,0.161198
129.336,0.128433
129.374,0.104148
129.407,0.0891173
129.44,0.0783653
129.483,0.0691436
129.526,0.0635725
129.583,0.0594595
129.669,0.0565972
129.933,0.0535845
130.409,0.0521257
130.818,0.0535046
131.065,0.0563939
131.286,0.0617965
131.444,0.0690877
131.563,0.0786033
131.647,0.0896921
131.706,0.102573
131.754,0.11915
131.795,0.141773
131.828,0.170767
131.857,0.20597
131.885,0.255784
131.91,0.317828
131.936,0.401597
131.962,0.518123
131.988,0.672731
132.015,0.874029
132.045,1.17226
132.075,1.55396
132.11,2.11878
132.155,2.99848
132.292,6.26958
132.347,7.19997
132.397,7.52128
132.4,7.52205
132.446,7.27328
132.496,6.50464
132.573,4.738
132.646,2.98054
132.691,2.08758
132.727,1.51573
132.759,1.12854
132.787,0.856343
132.815,0.646669
132.839,0.510506
132.865,0.39551
132.892,0.310178
132.918,0.247638
132.945,0.202179
132.97,0.170584
133.0,0.143417
133.037,0.120516
133.083,0.102887
133.143,0.0883332
133.228,0.0759127
133.328,0.0668261
133.454,0.0595157
133.605,0.0538789
133.845,0.048479
134.247,0.0439217
134.849,0.0411694
135.451,0.0405335
136.373,0.0422567
136.982,0.0457733
137.435,0.0508722
137.813,0.0584669
138.077,0.0674191
138.266,0.0772492
138.454,0.092286
138.6,0.110216
138.708,0.129743
138.794,0.15181
138.874,0.180792
138.934,0.21282
138.983,0.249857
139.025,0.297244
139.064,0.362304
139.097,0.443538
139.126,0.542517
139.154,0.680722
139.178,0.836937
139.203,1.05599
139.23,1.37366
139.256,1.79895
139.283,2.35908
139.312,3.12395
139.341,4.15431
139.374,5.58164
139.413,7.75883
139.461,11.0555
139.584,20.8284
139.643,24.2323
139.695,25.4122
139.7,25.4214
139.747,24.5807
139.797,22.1071
139.877,16.051
139.955,9.90611
140.001,6.94137
140.037,5.06403
140.069,3.74915
140.099,2.81013
140.127,2.13356
140.154,1.62793
140.181,1.2462
140.208,0.962351
140.232,0.771775
140.26,0.608067
140.288,0.490838
140.317,0.406618
140.35,0.337022
140.387,0.283013
140.429,0.240459
140.49,0.199837
140.563,0.167601
140.657,0.139536
140.77,0.116956
140.9,0.099579
141.075,0.0841936
141.285,0.0726286
141.566,0.0633996
141.846,0.0579891
142.267,0.053628
142.806,0.0515104
143.065,0.051354
143.879,0.0531657
144.859,0.0594635
145.687,0.0686385
146.381,0.0811807
146.926,0.0959269
147.379,0.113651
147.797,0.136914
148.178,0.167673
148.486,0.203206
148.777,0.250594
149.031,0.310071
149.249,0.382578
149.448,0.477123
149.607,0.582735
149.757,0.721356
149.884,0.885527
149.993,1.07974
150.093,1.3261
150.174,1.60445
150.251,1.97129
150.308,2.34816
150.365,2.8825
150.41,3.50278
150.453,4.34582
150.487,5.30528
150.521,6.64298
150.553,8.39694
150.583,10.5944
150.614,13.6815
150.644,17.7877
150.677,23.5401
150.71,31.039
150.742,40.5586
150.781,54.4606
150.83,77.2086
150.989,163.796
151.051,185.822
151.1,191.604
151.151,185.268
151.203,166.869
151.287,122.653
151.37,76.8278
151.418,55.1059
151.458,40.2131
151.496,29.6317
151.528,22.4604
151.558,17.3784
151.587,13.6345
151.615,10.7672
151.644,8.59372
151.677,6.75841
151.708,5.47987
151.744,4.41335
151.781,3.65381
151.826,2.98445
151.871,2.51143
151.928,2.08665
151.996,1.72262
152.076,1.41722
152.171,1.15365
152.287,0.926477
152.409,0.755127
152.552,0.611551
152.711,0.497289
152.892,0.403823
153.106,0.326011
153.328,0.268257
153.605,0.217357
153.922,0.176748
154.276,0.145268
154.657,0.121545
155.166,0.0999137
155.656,0.0856887
156.309,0.0727926
156.911,0.0649041
157.787,0.0571157
158.956,0.0509504
160.139,0.0476594
161.676,0.0462457
162.687,0.0470239
163.36,0.0491774
163.81,0.0531048
164.034,0.0576737
164.183,0.0639366
164.256,0.0699125
164.311,0.0776467
164.356,0.0883
164.393,0.101515
164.429,0.121218
164.464,0.148415
164.495,0.183606
164.527,0.231706
164.559,0.296147
164.593,0.390158
164.628,0.51264
164.665,0.67966
164.715,0.958325
164.787,1.4579
164.879,2.11564
164.942,2.43003
164.998,2.53364
165.0,2.53377
165.052,2.45102
165.108,2.19493
165.198,1.57314
165.279,0.996967
165.328,0.71138
165.369,0.526399
165.407,0.39173
165.441,0.298051
165.473,0.233836
165.505,0.185904
165.536,0.150844
165.571,0.123765
165.607,0.104176
165.653,0.0885466
165.707,0.0776086
165.78,0.0698011
165.904,0.0635681
166.056,0.0599848
166.415,0.0569885
166.572,0.0567146
167.132,0.0579715
167.802,0.0626427
168.305,0.0689165
168.779,0.0788872
169.135,0.0916603
169.354,0.103874
169.553,0.120178
169.719,0.140302
169.875,0.169078
169.99,0.200786
170.085,0.239645
170.158,0.28278
170.224,0.340404
170.274,0.406017
170.321,0.49572
170.357,0.594965
170.394,0.736028
170.431,0.934354
170.464,1.1747
170.496,1.49002
170.528,1.90404
170.56,2.43861
170.596,3.22452
170.633,4.22222
170.681,5.84551
170.738,8.28972
170.87,14.5352
170.933,16.709
170.99,17.5569
171.0,17.5749
171.055,16.9811
171.11,15.3336
171.198,11.378
171.287,7.14211
171.338,5.15068
171.383,3.75193
171.42,2.85376
171.457,2.15596
171.49,1.66393
171.524,1.29201
171.558,1.01537
171.592,0.811899
171.624,0.669767
171.662,0.547114
171.707,0.448036
171.752,0.379791
171.802,0.325259
171.876,0.272055
171.958,0.233024
172.06,0.199984
172.182,0.173469
172.345,0.150795
172.549,0.13387
172.793,0.122826
173.13,0.116869
173.242,0.116481
173.65,0.120221
174.058,0.131742
174.36,0.14656
174.663,0.169522
174.935,0.201506
175.146,0.238918
175.323,0.284138
175.489,0.346237
175.63,0.423927
175.731,0.502841
175.827,0.607825
175.903,0.725007
175.963,0.855869
176.024,1.04402
176.074,1.27616
176.114,1.54331
176.155,1.92296
176.191,2.40591
176.223,2.9929
176.256,3.77898
176.287,4.80421
176.323,6.31402
176.358,8.30438
176.397,11.1561
176.437,14.952
176.485,20.6837
176.556,31.044
176.671,49.0613
176.733,56.0363
176.794,58.7815
176.8,58.8003
176.854,56.9045
176.909,51.6265
176.996,38.8225
177.094,23.3952
177.149,16.4728
177.189,12.3764
177.229,9.16741
177.265,6.94319
177.298,5.38607
177.329,4.24255
177.36,3.39336
177.395,2.65314
177.43,2.11657
177.465,1.72777
177.505,1.41849
177.549,1.1726
177.599,0.977173
177.662,0.809713
177.74,0.66898
177.828,0.55963
177.934,0.468136
178.053,0.396633
178.191,0.338339
178.358,0.290631
178.564,0.251905
178.816,0.223183
179.119,0.204846
179.502,0.197527
179.837,0.201987
180.171,0.216164
180.49,0.240909
180.777,0.276852
181.016,0.322509
181.212,0.376905
181.395,0.449997
181.551,0.540392
181.695,0.66048
181.812,0.802935
181.917,0.986922
181.995,1.18686
182.06,1.4266
182.11,1.68932
182.154,2.0111
182.197,2.47235
182.236,3.05268
182.268,3.74316
182.3,4.66463
182.331,5.83689
182.361,7.38658
182.392,9.41432
182.427,12.4935
182.463,16.722
182.502,22.6224
182.545,30.8491
182.596,43.3012
182.677,67.3637
182.768,94.8389
182.83,108.686
182.892,114.43
182.9,114.511
182.959,110.208
183.025,96.5673
183.198,44.6429
183.251,31.57
183.293,23.3587
183.333,17.1869
183.37,12.8134
183.404,9.80733
183.435,7.62945
183.465,6.02676
183.496,4.81244
183.531,3.78838
183.567,3.0314
183.605,2.46197
183.648,2.00901
183.692,1.69279
183.75,1.39773
183.811,1.18613
183.887,0.998486
183.979,0.839025
184.098,0.693721
184.242,0.575519
184.405,0.485118
184.579,0.419769
184.797,0.365527
185.058,0.324877
185.425,0.294056
185.793,0.281927
186.038,0.2805
186.577,0.291118
187.115,0.319626
187.631,0.364839
188.181,0.438294
188.652,0.532106
189.067,0.6514
189.404,0.787086
189.746,0.980582
190.021,1.19996
190.284,1.49515
190.509,1.84861
190.705,2.27903
190.885,2.82725
191.042,3.49627
191.182,4.32857
191.3,5.29702
191.406,6.50787
191.494,7.87531
191.578,9.69913
191.645,11.7341
191.701,14.0489
191.755,17.0827
191.809,21.3142
191.854,26.1738
191.898,32.5452
191.945,41.8322
191.992,54.399
192.04,71.5142
192.089,94.2545
192.149,129.569
192.234,191.857
192.356,286.817
192.42,322.848
192.49,340.267
192.5,340.525
192.568,327.327
192.637,290.955
192.832,141.816
192.893,103.742
192.943,78.5114
192.989,60.5162
193.036,46.4149
193.082,36.2363
193.127,28.6829
193.168,23.6471
193.218,18.9801
193.274,15.2827
193.33,12.6299
193.398,10.3341
193.478,8.37938
193.573,6.76931
193.673,5.53471
193.795,4.46879
193.936,3.58401
194.093,2.88424
194.273,2.31401
194.463,1.87925
194.688,1.51173
194.946,1.21156
195.215,0.987517
195.535,0.796872
195.888,0.646351
196.292,0.523766
196.763,0.423067
197.257,0.348484
197.885,0.282129
198.603,0.230618
199.276,0.197318
200.174,0.167329
200.896,0.152816
201.394,0.149146
201.764,0.154063
201.97,0.16442
202.099,0.179058
202.176,0.196546
202.23,0.218112
202.275,0.247316
202.32,0.293903
202.356,0.350655
202.392,0.432829
202.424,0.533282
202.456,0.66877
202.49,0.86977
202.526,1.14947
202.562,1.51667
202.604,2.06031
202.646,2.77658
202.703,3.96014
202.868,8.04834
202.934,9.19334
202.997,9.60848
203.0,9.60914
203.063,9.22402
203.126,8.16822
203.24,5.33756
203.315,3.53949
203.367,2.52949
203.405,1.91981
203.441,1.4707
203.476,1.1231
203.51,0.855861
203.539,0.684778
203.568,0.552279
203.603,0.434906
203.636,0.354338
203.674,0.288578
203.707,0.249501
203.75,0.214112
203.805,0.186647
203.882,0.164683
203.999,0.146745
204.153,0.133571
204.359,0.123179
204.771,0.112082
205.183,0.106182
206.051,0.099942
207.448,0.0972445
209.019,0.101465
210.309,0.112347
211.076,0.12465
211.692,0.140195
212.307,0.164624
212.718,0.189354
213.109,0.223772
213.445,0.267011
213.725,0.319111
213.986,0.389637
214.21,0.477836
214.405,0.589969
214.573,0.729123
214.713,0.895149
214.825,1.08131
214.918,1.2948
214.998,1.54403
215.068,1.85078
215.13,2.24788
215.185,2.75639
215.232,3.38963
215.273,4.18182
215.308,5.12038
215.343,6.39353
215.378,8.13149
215.413,10.5105
215.449,13.693
215.485,17.8834
215.522,23.5753
215.565,31.9643
215.607,42.7648
215.659,58.8525
215.733,87.5589
215.851,136.001
215.918,156.758
215.983,166.307
216.0,166.727
216.065,160.262
216.14,139.227
216.323,65.4116
216.379,46.7541
216.427,33.8593
216.466,25.6543
216.504,19.5076
216.541,14.7668
216.574,11.5021
216.611,8.82833
216.643,7.03194
216.681,5.51117
216.718,4.4121
216.758,3.57363
216.798,2.95626
216.839,2.50795
216.898,2.05552
216.965,1.69743
217.047,1.39879
217.145,1.14847
217.264,0.935733
217.403,0.76149
217.567,0.620757
217.73,0.521741
217.926,0.437624
218.141,0.37324
218.403,0.320659
218.718,0.28218
218.928,0.267767
219.21,0.261399
219.422,0.268039
219.634,0.289047
219.821,0.328087
219.935,0.369327
220.026,0.420167
220.106,0.488806
220.174,0.579443
220.229,0.693722
220.278,0.845036
220.322,1.04705
220.363,1.30264
220.401,1.63856
220.438,2.071
220.48,2.71078
220.521,3.55569
220.564,4.71095
220.614,6.38371
220.675,8.98664
220.859,18.3159
220.932,20.8889
221.0,21.7423
221.068,20.8737
221.141,18.2894
221.334,8.52439
221.393,6.09746
221.44,4.55072
221.485,3.40041
221.526,2.58698
221.568,1.97255
221.605,1.55209
221.642,1.24194
221.685,0.983354
221.727,0.799523
221.771,0.663647
221.824,0.550581
221.877,0.472414
221.948,0.40062
222.036,0.340352
222.154,0.286956
222.301,0.243095
222.448,0.213369
222.684,0.181985
222.978,0.15778
223.331,0.139943
223.873,0.124089
224.58,0.113039
225.851,0.104132
227.971,0.100686
230.578,0.104503
231.129,0.108131
231.262,0.11239
231.351,0.12026
231.42,0.132856
231.481,0.152163
231.542,0.182469
231.602,0.2251
231.664,0.285412
231.776,0.422326
231.875,0.539967
231.952,0.59705
232.0,0.607629
232.069,0.585961
232.139,0.52649
232.329,0.2946
232.396,0.229722
232.451,0.189171
232.509,0.159277
232.571,0.138485
232.649,0.124091
232.711,0.118272
232.853,0.113449
233.102,0.112369
235.455,0.121098
238.218,0.139463
239.873,0.157543
241.105,0.179991
241.845,0.202826
242.338,0.227015
242.749,0.258469
243.077,0.298231
243.324,0.344454
243.546,0.408799
243.718,0.486566
243.833,0.5629
243.934,0.658713
244.014,0.770371
244.08,0.905947
244.137,1.08374
244.187,1.31147
244.23,1.60204
244.267,1.95183
244.304,2.43261
244.341,3.09142
244.378,3.98658
244.413,5.11134
244.45,6.6722
244.486,8.694
244.528,11.5768
244.574,15.7879
244.626,21.6579
244.691,30.6889
244.841,54.1183
244.921,63.39
244.99,66.6754
245.0,66.7268
245.062,64.5882
245.131,57.8086
245.241,41.4338
245.34,26.1126
245.398,18.7904
245.447,13.7825
245.49,10.2933
245.529,7.834
245.564,6.08429
245.6,4.70657
245.636,3.66108
245.672,2.87911
245.708,2.30061
245.748,1.83478
245.789,1.49784
245.83,1.25985
245.879,1.06121
245.937,0.904856
246.015,0.766479
246.101,0.666354
246.216,0.577341
246.331,0.516727
246.528,0.449689
246.775,0.402206
247.103,0.371552
247.498,0.361257
248.043,0.375796
248.589,0.419093
249.055,0.486286
249.388,0.561475
249.695,0.66387
249.975,0.80368
250.174,0.948148
250.364,1.1419
250.528,1.37942
250.667,1.66802
250.787,2.01724
250.887,2.42677
250.967,2.88415
251.041,3.47612
251.107,4.2605
251.161,5.17002
251.21,6.38487
251.255,7.92608
251.295,9.80182
251.335,12.3241
251.376,15.7913
251.416,20.2737
251.46,26.7662
251.502,34.647
251.548,45.9228
251.606,63.4897
251.68,92.1362
251.84,161.366
251.923,186.896
251.993,195.39
252.0,195.467
252.064,189.468
252.133,170.909
252.24,127.185
252.352,79.032
252.417,55.9842
252.47,41.0597
252.518,30.5883
252.562,23.1979
252.602,18.0386
252.641,14.213
252.681,11.2387
252.72,9.0134
252.766,7.15582
252.813,5.77602
252.866,4.68649
252.919,3.92043
252.986,3.24684
253.063,2.7072
253.163,2.21911
253.279,1.82562
253.419,1.49801
253.582,1.23421
253.762,1.0326
253.982,0.862687
254.239,0.728429
254.572,0.614274
254.905,0.540029
255.305,0.481716
255.984,0.425354
256.664,0.397482
257.543,0.383453
257.97,0.382103
259.494,0.395908
260.113,0.413395
260.283,0.434412
260.384,0.469873
260.467,0.529251
260.536,0.608569
260.613,0.739997
260.714,0.974738
260.864,1.34877
260.951,1.48057
261.0,1.50298
261.083,1.4464
261.169,1.28248
261.362,0.809593
261.437,0.670557
261.517,0.569855
261.581,0.519311
261.677,0.478619
261.8,0.460323
261.923,0.456918
263.149,0.491975
265.242,0.585712
267.378,0.722328
269.247,0.891324
270.849,1.09226
272.406,1.36407
273.741,1.68691
274.854,2.0565
275.966,2.56324
276.968,3.19799
277.824,3.94928
278.625,4.91629
279.36,6.14453
279.983,7.57388
280.572,9.41662
281.106,11.6918
281.607,14.5906
282.108,18.563
282.552,23.362
282.997,29.7477
283.531,39.869
284.359,58.2371
284.715,63.6492
285.0,65.1192
285.285,63.6221
285.748,56.0357
286.691,35.4746
287.169,27.571
287.559,22.9168
287.798,20.9441
287.99,20.1608
288.118,20.6178
288.182,21.5396
288.254,23.6433
288.308,26.3774
288.363,30.5595
288.417,36.6838
288.471,45.2677
288.529,57.7711
288.598,76.9734
288.695,111.937
288.846,169.342
288.926,189.494
288.998,195.867
289.069,189.572
289.143,171.125
289.265,125.344
289.378,81.5464
289.445,60.0642
289.502,45.8277
289.559,34.9266
289.61,27.6226
289.662,22.2107
289.716,18.214
289.769,15.4381
289.836,13.1324
289.917,11.4108
290.025,10.0368
290.171,8.90304
290.41,7.73082
290.769,6.57921
291.247,5.53353
291.916,4.5272
292.633,3.78197
293.541,3.13831
294.449,2.72967
295.119,2.55673
295.789,2.4998
296.328,2.56397
296.866,2.77893
297.225,3.05918
297.548,3.47009
297.817,3.99946
298.032,4.62069
298.236,5.46593
298.415,6.54586
298.565,7.83403
298.707,9.60505
298.809,11.4074
298.904,13.7903
298.99,16.8849
299.062,20.6042
299.13,25.6837
299.184,31.2939
299.238,38.9216
299.292,49.2924
299.346,63.2778
299.402,82.7844
299.459,108.959
299.522,145.804
299.601,204.541
299.818,399.883
299.908,458.936
299.993,481.112
299.999,481.245
300.077,465.404
300.167,410.746
300.409,195.871
300.481,143.551
300.542,108.106
300.601,81.6382
300.657,62.3845
300.711,48.5851
300.764,38.3501
300.818,30.817
300.878,24.7508
300.943,20.0939
301.014,16.4445
301.095,13.5726
301.185,11.2613
301.299,9.22194
301.435,7.51545
301.585,6.20071
301.764,5.08963
301.956,4.25386
302.207,3.49502
302.5,2.90935
302.775,2.54788
303.062,2.31106
303.377,2.20078
303.405,2.19949
303.597,2.24039
303.735,2.34362
303.872,2.55731
303.975,2.86018
304.051,3.23778
304.113,3.72271
304.164,4.32069
304.216,5.18203
304.268,6.41936
304.314,7.9733
304.362,10.1461
304.411,13.1691
304.461,17.1414
304.516,22.8331
304.578,30.9477
304.659,44.0885
304.824,73.6152
304.909,84.7197
304.987,89.0527
305.0,89.1428
305.074,86.0845
305.149,77.6328
305.275,55.898
305.391,35.5233
305.458,25.7758
305.516,19.1085
305.569,14.3467
305.617,11.0212
305.66,8.7229
305.708,6.79839
305.756,5.39344
305.805,4.37845
305.853,3.64745
305.904,3.08658
305.964,2.62812
306.049,2.20356
306.145,1.89079
306.265,1.63215
306.417,1.41393
306.644,1.20029
306.939,1.02469
307.352,0.871811
307.833,0.758025
308.507,0.653851
309.401,0.563357
310.563,0.485906
311.752,0.432581
313.227,0.391326
314.538,0.377462
315.63,0.390699
316.285,0.419195
316.736,0.45557
317.187,0.516636
317.542,0.59507
317.815,0.687095
318.085,0.82485
318.289,0.981749
318.473,1.19037
318.626,1.44517
318.745,1.72963
318.844,2.06311
318.929,2.46579
319.011,3.0159
319.085,3.73038
319.148,4.59093
319.202,5.6105
319.257,6.9736
319.31,8.73344
319.368,11.2287
319.425,14.4757
319.495,19.5775
319.574,26.9836
319.717,43.5322
319.847,57.7063
319.939,63.7908
320.0,65.0196
320.087,62.496
320.178,55.3202
320.422,27.3593
320.5,19.9959
320.565,15.0685
320.628,11.4105
320.686,8.86894
320.743,6.95455
320.804,5.4475
320.866,4.35983
320.934,3.49915
321.011,2.82741
321.092,2.32679
321.191,1.90892
321.301,1.58151
321.431,1.31166
321.587,1.08515
321.775,0.895904
321.98,0.753757
322.253,0.625548
322.526,0.539825
322.868,0.468738
323.277,0.416484
323.687,0.388529
324.097,0.380149
324.553,0.396345
324.857,0.428273
325.085,0.470179
325.313,0.537912
325.5,0.626432
325.655,0.740579
325.78,0.880747
325.869,1.03091
325.945,1.22527
326.003,1.44033
326.06,1.7551
326.108,2.13607
326.154,2.64693
326.196,3.29832
326.238,4.18583
326.28,5.38513
326.319,6.88173
326.362,9.02033
326.406,11.799
326.454,15.7726
326.503,21.0239
326.564,29.0128
326.645,42.4169
326.835,77.2502
326.923,88.1259
327.0,91.3851
327.075,88.2425
327.155,78.6532
327.286,55.2777
327.399,34.767
327.469,24.3743
327.526,17.7184
327.575,13.2434
327.623,9.84692
327.666,7.50859
327.709,5.73183
327.753,4.40513
327.795,3.45138
327.837,2.7495
327.878,2.23517
327.92,1.85788
327.971,1.53255
328.021,1.30191
328.088,1.08775
328.172,0.908457
328.268,0.769344
328.4,0.638656
328.558,0.532247
328.764,0.439198
328.994,0.369888
329.296,0.309769
329.656,0.263469
330.087,0.227445
330.624,0.198591
331.372,0.173912
332.369,0.155663
333.22,0.148785
333.503,0.148313
334.244,0.153486
334.688,0.164422
335.064,0.183632
335.345,0.210536
335.537,0.241158
335.699,0.282736
335.813,0.329205
335.895,0.380823
335.96,0.443667
336.017,0.526501
336.065,0.631251
336.106,0.754462
336.147,0.924216
336.187,1.15793
336.225,1.45331
336.263,1.8459
336.301,2.36178
336.339,3.03035
336.382,4.02211
336.429,5.42348
336.479,7.33413
336.533,9.97032
336.601,14.1035
336.718,22.7941
336.834,31.3134
336.918,35.612
336.998,37.1326
337.0,37.1334
337.078,35.7483
337.156,31.9202
337.286,22.423
337.397,14.1783
337.462,10.2009
337.518,7.44069
337.568,5.50736
337.613,4.13416
337.655,3.15242
337.693,2.45539
337.731,1.91586
337.769,1.50407
337.806,1.19341
337.846,0.951706
337.887,0.771128
337.928,0.639889
337.976,0.52826
338.033,0.440042
338.098,0.373235
338.185,0.315572
338.301,0.266724
338.445,0.227113
338.608,0.197077
338.842,0.168311
339.124,0.146193
339.5,0.127558
340.063,0.110889
340.815,0.0980435
342.045,0.086137
344.01,0.0752047
347.396,0.0638012
352.631,0.0526632
356.888,0.0469404
358.241,0.0462123
359.244,0.0475171
359.579,0.049465
359.798,0.0525099
359.903,0.0556902
359.981,0.060165
360.06,0.0685006
360.112,0.0779259
360.164,0.0923674
360.21,0.11096
360.255,0.137227
360.301,0.173615
360.347,0.2229
360.393,0.288007
360.443,0.381219
360.498,0.512021
360.562,0.707191
360.645,1.01337
360.824,1.74554
360.917,2.00626
361.0,2.08712
361.079,2.0113
361.171,1.75865
361.406,0.818287
361.476,0.584768
361.535,0.429804
361.589,0.319302
361.638,0.242527
361.682,0.189966
361.726,0.150372
361.77,0.121187
361.819,0.0981507
361.868,0.0823987
361.917,0.0717825
361.982,0.0628808
362.061,0.0568762
362.191,0.0521036
362.452,0.0484873
362.923,0.0463225
363.341,0.0459126
364.027,0.0468696
364.714,0.0499818
365.194,0.0543317
365.594,0.0606076
365.915,0.0689095
366.186,0.0802596
366.378,0.0926042
366.531,0.107057
366.656,0.124188
366.754,0.143566
366.839,0.168904
366.9,0.195853
366.961,0.235806
367.011,0.284888
367.06,0.353649
367.102,0.436914
367.144,0.551592
367.185,0.708679
367.225,0.911609
367.267,1.1937
367.309,1.56592
367.351,2.04837
367.396,2.71915
367.448,3.71461
367.5,4.97276
367.568,7.00022
367.66,10.391
367.826,16.8089
367.919,19.2488
368.0,19.9768
368.078,19.2893
368.156,17.3769
368.281,12.7295
368.412,7.67919
368.48,5.49635
368.538,4.02021
368.59,2.95839
368.638,2.19986
368.681,1.67505
368.723,1.27017
368.766,0.963709
368.802,0.764052
368.839,0.610644
368.879,0.484193
368.918,0.392643
368.957,0.324838
369.004,0.266124
369.059,0.219011
369.114,0.186795
369.187,0.157762
369.285,0.132661
369.406,0.112204
369.549,0.0959859
369.73,0.0819122
369.956,0.0701086
370.228,0.0607371
370.59,0.0526949
370.952,0.047467
371.495,0.0424185
372.21,0.0383907
373.279,0.0349325
374.886,0.0320308
376.975,0.0300048
378.608,0.0293603
379.739,0.0300507
380.317,0.0318684
380.638,0.0345825
380.799,0.0375669
380.895,0.0410246
380.975,0.0462175
381.034,0.0525342
381.086,0.0611382
381.138,0.0739828
381.185,0.0907169
381.232,0.114163
381.279,0.146424
381.326,0.18988
381.377,0.252072
381.428,0.334568
381.486,0.453591
381.557,0.638375
381.658,0.966244
381.825,1.54059
381.913,1.74547
381.999,1.81961
382.0,1.81962
382.077,1.76093
382.154,1.59709
382.274,1.21026
382.415,0.723642
382.487,0.517115
382.549,0.376886
382.6,0.286443
382.65,0.215981
382.699,0.164963
382.742,0.130223
382.785,0.10406
382.829,0.0846872
382.877,0.069235
382.925,0.0584797
382.973,0.0510444
383.037,0.0445628
383.118,0.0397627
383.246,0.0357448
383.439,0.0328232
383.799,0.0302523
384.518,0.0282994
385.597,0.0276166
386.652,0.0281395
387.707,0.0301896
388.355,0.0333153
388.761,0.0370302
389.085,0.0421207
389.328,0.0484032
389.531,0.0568617
389.678,0.0667797
389.777,0.0776053
389.852,0.0903304
389.915,0.10663
389.965,0.125935
390.014,0.15396
390.059,0.189732
390.101,0.23694
390.143,0.301844
390.185,0.390298
390.227,0.509407
390.269,0.667432
390.315,0.891044
390.358,1.17086
390.407,1.57383
390.459,2.10905
390.521,2.92388
390.597,4.14912
390.81,8.16063
390.908,9.46811
390.994,9.9132
391.0,9.91498
391.08,9.57517
391.16,8.62929
391.289,6.29976
391.418,3.88417
391.49,2.76539
391.552,1.98398
391.604,1.46821
391.653,1.0891
391.697,0.827463
391.741,0.625707
391.782,0.480254
391.821,0.376681
391.859,0.297929
391.902,0.233042
391.945,0.186114
391.988,0.152325
392.031,0.127978
392.085,0.106381
392.148,0.0900062
392.223,0.0772214
392.322,0.0663483
392.447,0.0575962
392.634,0.0491684
392.821,0.0436473
393.102,0.0382554
393.476,0.0339193
393.944,0.0307719
394.693,0.0281197
395.839,0.0263656
397.771,0.0256546
400.235,0.0265725
401.969,0.0283962
403.648,0.0319659
404.474,0.0352022
405.066,0.0389767
405.541,0.0438431
405.937,0.0505184
406.168,0.0565716
406.395,0.065548
406.547,0.0745848
406.671,0.085572
406.767,0.0986843
406.839,0.11375
406.9,0.132523
406.96,0.160811
407.008,0.194153
407.055,0.239694
407.093,0.291537
407.132,0.36017
407.171,0.450392
407.21,0.567858
407.248,0.719038
407.292,0.940144
407.339,1.24355
407.39,1.67932
407.447,2.29533
407.508,3.11686
407.581,4.34905
407.813,8.87414
407.909,10.1913
407.996,10.6343
408.0,10.635
408.088,10.2137
408.176,9.05347
408.331,6.05156
408.441,3.95547
408.517,2.76884
408.575,2.0379
408.627,1.52601
408.673,1.16258
408.72,0.879474
408.766,0.663865
408.805,0.526537
408.844,0.420341
408.882,0.33912
408.921,0.277558
408.964,0.226824
409.012,0.186272
409.061,0.15788
409.116,0.135479
409.185,0.117019
409.267,0.102945
409.378,0.0912458
409.529,0.0813971
409.756,0.0728446
409.984,0.0680885
410.438,0.0641913
410.59,0.0638793
411.173,0.0654167
411.95,0.0723118
412.689,0.0835235
413.342,0.0982223
413.96,0.118252
414.541,0.145611
415.049,0.180345
415.456,0.219862
415.812,0.268067
416.124,0.326609
416.429,0.406794
416.669,0.494694
416.887,0.604286
417.068,0.728668
417.242,0.891859
417.395,1.08972
417.522,1.31745
417.638,1.60869
417.729,1.93002
417.811,2.34059
417.882,2.85202
417.947,3.53209
418.005,4.3949
418.056,5.44067
418.109,6.92357
418.158,8.79541
418.207,11.2862
418.259,14.8095
418.311,19.3999
418.367,25.8917
418.431,35.3456
418.506,49.4817
418.605,72.7825
418.791,121.368
418.89,140.521
418.98,148.456
419.0,148.72
419.093,142.8
419.198,123.949
419.453,58.4473
419.532,41.8953
419.597,30.8466
419.657,22.9378
419.709,17.5293
419.761,13.354
419.813,10.1977
419.866,7.85178
419.918,6.12949
419.966,4.96366
420.017,4.04623
420.075,3.28662
420.133,2.74056
420.198,2.29626
420.289,1.86624
420.38,1.56645
420.496,1.29214
420.649,1.04048
420.801,0.86234
420.997,0.69915
421.226,0.566969
421.455,0.474113
421.716,0.399002
422.021,0.33902
422.346,0.297361
422.671,0.272492
423.003,0.261524
423.117,0.261003
423.431,0.26908
423.745,0.294658
423.954,0.325858
424.163,0.374673
424.338,0.43653
424.477,0.50862
424.605,0.604717
424.698,0.706106
424.779,0.833493
424.849,0.991667
424.913,1.20211
424.971,1.47875
425.022,1.82009
425.073,2.29346
425.122,2.92684
425.169,3.73069
425.215,4.79379
425.262,6.18028
425.311,8.08421
425.364,10.6717
425.425,14.5394
425.491,19.8543
425.577,28.4152
425.8,54.0442
425.893,61.8258
425.984,65.1781
426.0,65.2529
426.091,62.7439
426.188,55.1544
426.456,24.9346
426.532,17.8246
426.599,12.9271
426.658,9.5094
426.709,7.22082
426.761,5.42182
426.808,4.20456
426.854,3.27728
426.898,2.6174
426.949,2.04491
427.0,1.63128
427.051,1.33208
427.109,1.08788
427.177,0.889236
427.255,0.733928
427.343,0.614995
427.441,0.51937
427.581,0.424274
427.744,0.347072
427.941,0.281644
428.151,0.232817
428.418,0.188972
428.697,0.156888
429.022,0.130285
429.389,0.109027
429.836,0.0906752
430.406,0.074651
431.034,0.0626497
431.766,0.0530314
432.66,0.0450859
433.555,0.0397168
434.628,0.0353041
436.277,0.031365
437.65,0.0299259
438.474,0.0297778
439.779,0.0307252
441.083,0.0337455
441.92,0.0374208
442.757,0.0434418
443.314,0.0496289
443.851,0.0582969
444.312,0.0691064
444.737,0.0836861
445.079,0.100601
445.392,0.122773
445.671,0.151129
445.908,0.185648
446.103,0.225689
446.271,0.273368
446.431,0.33793
446.557,0.410125
446.661,0.495808
446.748,0.598374
446.827,0.732684
446.888,0.882051
446.947,1.08538
447.003,1.35357
447.052,1.67413
447.101,2.1031
447.149,2.6738
447.2,3.45629
447.252,4.52238
447.305,5.90593
447.364,7.9397
447.431,10.8769
447.506,15.0452
447.61,22.0506
447.788,35.0811
447.888,40.459
447.981,42.6697
448.0,42.7358
448.095,41.0622
448.201,35.7667
448.471,16.4294
448.555,11.5699
448.622,8.4872
448.683,6.30028
448.736,4.80581
448.789,3.65421
448.837,2.86954
448.885,2.25148
448.934,1.7856
448.983,1.43688
449.039,1.14512
449.095,0.93536
449.156,0.770754
449.217,0.651921
449.304,0.53248
449.401,0.440824
449.527,0.35942
449.673,0.293512
449.841,0.24039
450.036,0.196494
450.245,0.162913
450.496,0.134145
450.789,0.11059
451.124,0.0918868
451.458,0.0787216
451.919,0.0662874
452.393,0.057789
453.104,0.0500288
453.829,0.0460407
454.582,0.0447755
455.431,0.0463965
455.997,0.0494891
456.705,0.0564319
457.241,0.0652054
457.715,0.077136
458.11,0.0920656
458.426,0.109477
458.697,0.13075
458.934,0.15716
459.138,0.189198
459.307,0.226692
459.465,0.276619
459.578,0.327638
459.668,0.384909
459.753,0.462046
459.82,0.551552
459.88,0.662693
459.939,0.820852
459.99,1.0111
460.042,1.28113
460.091,1.63113
460.141,2.10315
460.19,2.73226
460.242,3.60663
460.295,4.76836
460.352,6.40756
460.415,8.67981
460.485,11.9111
460.576,16.9978
460.783,30.1965
460.88,34.8498
460.973,36.9965
461.0,37.1152
461.088,35.8626
461.183,32.0274
461.336,22.6387
461.47,14.3444
461.553,10.1129
461.62,7.38817
461.677,5.54754
461.734,4.14447
461.784,3.17474
461.835,2.43546
461.883,1.90859
461.934,1.49335
461.985,1.1904
462.036,0.970924
462.095,0.790441
462.146,0.681437
462.213,0.580037
462.297,0.497528
462.398,0.436005
462.533,0.38841
462.668,0.363366
462.821,0.35301
462.971,0.358086
463.121,0.377773
463.309,0.42668
463.469,0.498804
463.587,0.581943
463.682,0.679747
463.765,0.804065
463.832,0.947768
463.903,1.16656
463.966,1.44869
464.021,1.79468
464.076,2.26965
464.13,2.89117
464.183,3.72132
464.236,4.81369
464.292,6.29566
464.354,8.444
464.422,11.4411
464.5,15.7721
464.618,23.7811
464.798,36.5685
464.896,41.4284
464.995,43.3416
465.0,43.3453
465.095,41.736
465.186,37.478
465.339,26.8956
465.481,16.9224
465.562,12.2117
465.633,8.92146
465.698,6.58641
465.754,5.01396
465.811,3.80914
465.86,2.99918
465.916,2.31976
465.971,1.82034
466.026,1.45544
466.083,1.18066
466.143,0.974676
466.212,0.802818
466.291,0.664925
466.389,0.545658
466.508,0.447183
466.65,0.364989
466.8,0.303062
466.989,0.246898
467.21,0.200624
467.471,0.16237
467.747,0.133722
468.071,0.109922
468.457,0.0901443
468.892,0.074978
469.409,0.063166
469.822,0.0571088
470.235,0.0535985
470.565,0.0527581
470.921,0.0545266
471.188,0.0588173
471.352,0.0636356
471.5,0.0706288
471.612,0.0789389
471.704,0.0898723
471.779,0.103614
471.844,0.122087
471.899,0.145694
471.946,0.173583
471.992,0.212045
472.038,0.264936
472.085,0.33715
472.131,0.434703
472.175,0.555854
472.22,0.719904
472.266,0.930522
472.318,1.23878
472.376,1.68501
472.441,2.31759
472.516,3.22068
472.63,4.92665
472.786,7.36062
472.893,8.5739
472.987,9.01435
473.0,9.02094
473.095,8.66191
473.19,7.67419
473.357,5.12055
473.475,3.33921
473.549,2.41384
473.611,1.7939
473.671,1.30967
473.726,0.969298
473.771,0.749059
473.817,0.5768
473.862,0.444347
473.908,0.344045
473.951,0.271708
473.997,0.215043
474.043,0.173523
474.094,0.140365
474.145,0.116898
474.207,0.0973613
474.277,0.082279
474.366,0.0697975
474.485,0.0590961
474.634,0.0503333
474.819,0.0429311
475.06,0.0364376
475.398,0.0305245
475.807,0.0259614
476.326,0.0222328
476.95,0.0193229
477.767,0.0168253
478.984,0.0144371
480.695,0.0123811
482.532,0.0109807
484.736,0.00993583
486.712,0.00944914
487.952,0.00934234
489.193,0.00950868
490.434,0.0101062
491.355,0.0111083
492.123,0.012708
492.66,0.0146502
493.004,0.0165438
493.342,0.019257
493.624,0.022566
493.897,0.0272949
494.104,0.032567
494.276,0.0388373
494.433,0.0471267
494.543,0.0556695
494.63,0.0656751
494.706,0.0784409
494.771,0.0952141
494.828,0.116458
494.875,0.141557
494.922,0.176359
494.969,0.224684
495.01,0.281335
495.053,0.362577
495.097,0.470843
495.141,0.61343
495.185,0.798648
495.23,1.04514
495.28,1.38801
495.335,1.87606
495.397,2.57995
495.467,3.59329
495.561,5.2751
495.789,9.93681
495.892,11.4436
495.99,12.0264
496.0,12.0314
496.09,11.6125
496.178,10.4874
496.322,7.68944
496.47,4.67211
496.549,3.34564
496.611,2.47975
496.669,1.83642
496.726,1.34554
496.777,0.998441
496.827,0.744703
496.869,0.57722
496.911,0.447446
496.954,0.348124
496.996,0.272911
497.034,0.220999
497.081,0.173599
497.128,0.139443
497.175,0.114788
497.23,0.0943741
497.287,0.0796799
497.363,0.0660649
497.451,0.0557232
497.561,0.046949
497.699,0.0393261
497.887,0.0321722
498.106,0.0264825
498.37,0.0218327
498.633,0.0186047
498.957,0.0158082
499.404,0.0132345
499.851,0.0116642
500.0,0.0113554
500.0,1.458
516.652,1.36099
531.014,1.28478
547.479,1.20491
565.687,1.12485
582.591,1.05735
600.0,0.9939
604.306,1.07268
608.462,1.15404
613.815,1.26707
618.876,1.38306
623.659,1.50143
628.176,1.62159
632.441,1.74296
636.466,1.86498
642.049,2.04709
647.215,2.22979
651.89,2.40772
656.209,2.58344
661.53,2.81583
666.22,3.03627
672.289,3.34462
677.186,3.61385
681.312,3.85578
685.937,4.1443
690.927,4.47744
696.962,4.91273
700.0,5.146
705.866,4.81121
711.411,4.51716
719.117,4.14145
726.26,3.82427
732.736,3.56019
738.729,3.33396
746.123,3.07676
752.654,2.86804
760.95,2.6255
767.964,2.43835
775.851,2.24558
784.069,2.06274
789.722,1.94669
796.559,1.81601
800.0,1.754
811.865,1.85902
833.055,2.05817
855.486,2.28591
871.125,2.45547
890.27,2.67563
900.0,2.793
908.747,2.60218
916.847,2.43858
926.851,2.25243
935.694,2.10125
946.936,1.92542
956.449,1.78962
967.156,1.64963
978.322,1.51672
986.01,1.4323
995.315,1.33717
1000.0,1.292
1195.53,1.31781
1250.0,1.325
1278.81,1.27309
1330.85,1.18709
1386.73,1.10448
1426.16,1.05148
1474.97,0.991221
1500.0,0.9624
1558.93,1.05618
1604.65,1.13247
1675.75,1.25735
1750.0,1.396
1855.28,1.31418
1950.55,1.24788
2000.0,1.216
2029.83,1.13544
2057.59,1.06623
2092.05,0.987304
2122.68,0.923051
2161.84,0.848136
2195.17,0.790131
2232.89,0.730191
2272.48,0.673137
2299.86,0.636814
2333.17,0.595804
2350.0,0.5763
2376.93,0.630841
2402.46,0.686652
2426.64,0.743451
2449.53,0.80096
2471.19,0.858909
2501.33,0.945624
2529.3,1.03287
2554.69,1.11806
2578.2,1.20239
2607.26,1.31421
2632.95,1.42054
2655.63,1.52062
2685.03,1.65945
2716.07,1.81794
2741.69,1.95854
2769.41,2.12127
2794.59,2.27925
2820.0,2.449
2863.96,2.29857
2897.38,2.19185
2948.24,2.04098
3000.0,1.9005
3051.82,1.77169
3095.88,1.67062
3145.69,1.56483
3199.96,1.45891
3249.59,1.36973
3300.0,1.286
3323.68,1.18088
3346.04,1.09014
3367.13,1.01142
3387.03,0.942793
3405.79,0.882688
3431.79,0.806146
3455.83,0.741767
3477.55,0.688348
3497.61,0.642725
3522.29,0.591024
3544.03,0.54921
3563.16,0.515056
3587.37,0.475096
3607.76,0.444045
3630.6,0.411848
3647.83,0.389242
3673.82,0.357638
3700.0,0.3286
3717.66,0.353748
3734.67,0.379659
3756.52,0.415552
3777.11,0.452277
3796.53,0.489649
3814.82,0.527486
3832.05,0.565609
3855.9,0.622651
3877.91,0.680039
3897.79,0.736067
3916.11,0.791527
3938.64,0.865057
3958.46,0.934977
3975.88,1.00078
3997.9,1.09016
4016.43,1.17107
4037.16,1.26827
4059.49,1.38138
4079.7,1.49178
4100.0,1.611
4126.06,1.48879
4151.19,1.38036
4175.17,1.28483
4198.28,1.19946
4213.12,1.14791
4242.01,1.05426
4269.28,0.973403
4295.01,0.903244
4319.26,0.84207
4342.13,0.788488
4373.81,0.720242
4403.09,0.662832
4429.54,0.615187
4453.96,0.57449
4483.99,0.528365
4510.44,0.491054
4533.71,0.460575
4563.15,0.424909
4587.94,0.397191
4615.7,0.368445
4645.63,0.339951
4672.74,0.316196
4700.0,0.2941
4736.49,0.32063
4768.66,0.345799
4809.42,0.380282
4843.81,0.411772
4882.39,0.449919
4922.51,0.492962
4950.04,0.524648
4983.29,0.56537
5017.18,0.609815
5050.63,0.656787
5082.19,0.704103
5126.43,0.775648
5166.48,0.846071
5203.5,0.916299
5226.27,0.962079
5269.23,1.05417
5307.11,1.14195
5340.48,1.22474
5382.75,1.33745
5418.38,1.43971
5458.34,1.56282
5488.5,1.66202
5534.06,1.82274
5580.0,1.999
5687.47,1.86101
5783.2,1.74811
5905.91,1.61578
6010.6,1.51276
6129.39,1.40574
6254.34,1.3033
6340.99,1.23776
6446.56,1.16346
6500.0,1.128
6560.49,1.04102
6613.89,0.970437
6681.66,0.88841
6738.92,0.825111
6803.26,0.759913
6870.26,0.698068
6916.32,0.658813
6971.99,0.61461
7023.71,0.576496
7092.33,0.529933
7154.52,0.491334
7212.07,0.458395
7280.84,0.42222
7343.79,0.391877
7399.33,0.367121
7471.21,0.337628
7511.54,0.322245
7582.64,0.296992
7656.66,0.273022
7707.55,0.257797
7769.06,0.240644
7800.0,0.2325
7834.14,0.250254
7867.0,0.268544
7909.2,0.293875
7948.96,0.319789
7986.42,0.346155
8021.7,0.372844
8054.92,0.399731
8100.88,0.439955
8143.29,0.480413
8181.56,0.519907
8216.83,0.558994
8260.17,0.610806
8298.27,0.660067
8331.76,0.706418
8374.08,0.769368
8409.66,0.826347
8449.46,0.89478
8492.31,0.974403
8531.07,1.0521
8570.0,1.136
8653.06,1.08963
8810.96,1.00774
8951.49,0.941145
9076.29,0.886496
9235.74,0.822241
9371.35,0.772056
9524.7,0.719766
9691.8,0.667664
9844.7,0.624004
10000.0,0.5832
11955.3,0.686977
13554.0,0.771828
15000.0,0.8474
17932.9,0.841182
20000.0,0.8368
21147.4,0.790467
22399.7,0.745371
23850.5,0.699105
25000.0,0.6663
29888.2,0.745001
30000.0,0.7468
35000.0,0.7866
40000.0,0.6996
45000.0,0.682382
50000.0,0.6672
60000.0,0.61202
60000.0,0.612
65000.0,0.566969
70000.0,0.543656
80000.0,0.603904
100000.0,0.661783
111250.0,0.595497
115000.0,0.587365
120625.0,0.593259
135000.0,0.67422
140000.0,0.675944
150000.0,0.672759
175000.0,0.76568
200000.0,0.753988
250000.0,0.884392
300000.0,0.884487
500000.0,1.3114
600000.0,1.64099
800000.0,1.9426
2050000.0,2.22301
2500000.0,2.2416
4272620.0,2.1076
5500000.0,2.0305
5950000.0,2.1032
6400000.0,2.35514
7050000.0,2.70244
9000000.0,2.8332
1.38E7,2.74044
1.64E7,2.74635
2.2E7,2.66424
2.6E7,2.68497
3.0E7,2.65623

