94-Pu-242(n,total fission) ENDF/B-VII.1
1.0E-5,0.700058
1.31241E-5,0.611082
1.70876E-5,0.535539
2.2426E-5,0.467476
2.91987E-5,0.409687
3.83206E-5,0.357613
4.98935E-5,0.313406
6.54808E-5,0.273572
8.52562E-5,0.239758
1.11891E-4,0.209283
1.45682E-4,0.18341
1.91195E-4,0.160102
2.48937E-4,0.14031
3.26707E-4,0.122471
4.25373E-4,0.107329
5.58264E-4,0.0936833
7.26861E-4,0.082104
9.53941E-4,0.0716648
0.00124203,0.0627987
0.00163006,0.0548119
0.00212234,0.0480316
0.00278538,0.0419202
0.00362657,0.0367359
0.00475955,0.03212
0.00619694,0.0281413
0.00813293,0.0245482
0.0105891,0.0215319
0.0138972,0.0187588
0.0180942,0.0164175
0.0234661,0.014421
0.0253,0.013863
0.033204,0.0120702
0.0432317,0.0105549
0.0617907,0.00879441
0.0810948,0.00763422
0.115908,0.00634051
0.150913,0.00551289
0.198059,0.00476566
0.257874,0.00412793
0.338436,0.00355026
0.483724,0.00291085
0.629809,0.00251602
0.803406,0.00221082
1.00188,0.00200455
1.22464,0.00190269
1.2854,0.00189587
1.43391,0.00192621
1.59592,0.00204877
1.71743,0.00222983
1.83894,0.00252905
1.9402,0.00292755
2.0212,0.00340417
2.10221,0.00411067
2.16296,0.00488341
2.22372,0.00599509
2.2735,0.00730665
2.31485,0.0088421
2.35366,0.0108628
2.38805,0.0133935
2.41927,0.0166527
2.44458,0.020354
2.46935,0.0254299
2.49028,0.0314904
2.50859,0.0389121
2.52479,0.0480883
2.53896,0.059298
2.55112,0.0726457
2.56124,0.0879194
2.57069,0.107559
2.57879,0.130918
2.58554,0.157509
2.59196,0.191761
2.59786,0.234486
2.60377,0.292253
2.60934,0.365309
2.61525,0.468451
2.62115,0.604293
2.62807,0.81195
2.63634,1.13167
2.65858,2.16808
2.66574,2.41367
2.67411,2.54773
2.67584,2.55124
2.6841,2.45198
2.69288,2.16574
2.71583,1.10507
2.72359,0.809849
2.73043,0.605881
2.73692,0.458312
2.74283,0.35759
2.74857,0.284164
2.75447,0.227881
2.76038,0.186121
2.76663,0.153316
2.77422,0.124248
2.78333,0.0996015
2.79278,0.0814518
2.8046,0.0652824
2.81641,0.0536617
2.83059,0.0435062
2.84679,0.03515
2.86501,0.0283931
2.88662,0.0226772
2.90889,0.0184408
2.93589,0.0147458
2.9629,0.0120783
2.99665,0.00967117
3.03378,0.00778872
3.07428,0.00631811
3.11731,0.00518823
3.17047,0.00418246
3.22617,0.00342742
3.28692,0.00283001
3.3578,0.00232609
3.44556,0.00188514
3.54006,0.00155198
3.64807,0.00128371
3.78308,0.00104902
3.94509,8.57326E-4
4.11723,7.17452E-4
4.34337,5.90736E-4
4.61055,4.89576E-4
4.92141,4.08851E-4
5.30437,3.40276E-4
5.75696,2.84439E-4
6.314,2.35619E-4
7.01029,1.92943E-4
7.70658,1.62847E-4
8.54213,1.35873E-4
9.46597,1.13875E-4
10.6037,9.40366E-5
11.969,7.70799E-5
13.508,6.35026E-5
15.2839,5.24505E-5
17.0788,4.45028E-5
19.3042,3.74718E-5
22.1796,3.13695E-5
25.6224,2.67732E-5
29.3218,2.39246E-5
33.2834,2.25175E-5
34.6258,2.24173E-5
37.9817,2.31292E-5
40.7866,2.52628E-5
42.6581,2.81004E-5
44.2552,3.22363E-5
45.5425,3.76147E-5
46.3453,4.25467E-5
47.1481,4.92633E-5
47.9699,5.95026E-5
48.6287,7.17455E-5
49.1777,8.64387E-5
49.6352,1.03805E-4
50.0927,1.28547E-4
50.4587,1.5705E-4
50.779,1.92124E-4
51.0649,2.35821E-4
51.3051,2.86868E-4
51.5224,3.50416E-4
51.7215,4.30995E-4
51.8862,5.2246E-4
52.0509,6.48521E-4
52.1973,8.05488E-4
52.3277,0.00100133
52.4397,0.00123581
52.5404,0.00152773
52.6365,0.00191955
52.7188,0.00239536
52.792,0.00299263
52.8533,0.00369477
52.9078,0.0045671
52.9544,0.00561853
52.9943,0.00688364
53.0263,0.00830857
53.0583,0.0103327
53.0812,0.0123517
53.1059,0.0153466
53.1278,0.0190263
53.1498,0.0240479
53.1709,0.0305506
53.1928,0.0396288
53.2143,0.0513449
53.2367,0.0671046
53.2624,0.090084
53.2951,0.127222
53.3923,0.258884
53.4274,0.290602
53.4597,0.30084
53.4878,0.293055
53.5204,0.266376
53.5707,0.201391
53.6247,0.127038
53.6567,0.090698
53.6814,0.0683635
53.7055,0.0513605
53.7281,0.0391172
53.7487,0.0306602
53.7711,0.0237662
53.794,0.0186391
53.8169,0.0149261
53.8425,0.0119495
53.8699,0.00969696
53.8974,0.00807919
53.9303,0.00667265
53.9715,0.0054227
54.0209,0.00436878
54.0731,0.00357467
54.1371,0.00287406
54.2035,0.00235083
54.2835,0.00189364
54.375,0.00152044
54.4711,0.00123817
54.5809,0.00100416
54.6976,8.23043E-4
54.8417,6.60989E-4
54.9927,5.38767E-4
55.1757,4.32544E-4
55.3861,3.46514E-4
55.6103,2.81693E-4
55.8482,2.32265E-4
56.1227,1.91304E-4
56.443,1.57221E-4
56.8364,1.28297E-4
57.239,1.08049E-4
57.6966,9.21174E-5
58.2913,7.86392E-5
58.9501,6.96556E-5
59.7392,6.43742E-5
60.3086,6.32266E-5
61.1628,6.54342E-5
61.7323,6.96276E-5
62.4441,7.88491E-5
63.1559,9.4552E-5
63.6542,1.12243E-4
64.1552,1.3862E-4
64.5314,1.67865E-4
64.8672,2.05472E-4
65.1493,2.50066E-4
65.4007,3.0505E-4
65.6398,3.78187E-4
65.8438,4.66616E-4
66.0234,5.75196E-4
66.1926,7.19002E-4
66.3256,8.75928E-4
66.4534,0.00108368
66.5639,0.00133236
66.6606,0.00163093
66.7452,0.00198747
66.8298,0.00248274
66.8972,0.00303196
66.9576,0.00371058
67.0094,0.00451698
67.0526,0.00545632
67.0914,0.00667633
67.1217,0.0080742
67.1484,0.00989727
67.1696,0.0119754
67.1907,0.0149268
67.2089,0.0184698
67.227,0.0233319
67.2443,0.0296263
67.2615,0.0380713
67.2788,0.0492948
67.2961,0.0640264
67.3133,0.0830774
67.3328,0.110734
67.3544,0.150571
67.3769,0.203781
67.4033,0.282324
67.4387,0.413257
67.5213,0.760231
67.5606,0.878645
67.5967,0.921575
67.5998,0.921849
67.6332,0.890209
67.667,0.800337
67.7195,0.590309
67.7727,0.367239
67.8045,0.256825
67.8279,0.190997
67.8504,0.140795
67.8711,0.104622
67.8893,0.0799749
67.9065,0.061656
67.9238,0.0475093
67.9411,0.0367407
67.9583,0.028641
67.9765,0.0223456
67.9946,0.0177476
68.0127,0.0143923
68.0313,0.0118825
68.0524,0.00981881
68.0766,0.00815305
68.1068,0.00671619
68.1422,0.00556252
68.1854,0.00458218
68.2372,0.00374937
68.2942,0.00308732
68.3667,0.0024804
68.4427,0.00202376
68.5256,0.00165939
68.6223,0.0013488
68.7363,0.0010848
68.8572,8.82673E-4
68.9988,7.11657E-4
69.168,5.66518E-4
69.3407,4.6078E-4
69.5341,3.74865E-4
69.7551,3.03999E-4
70.0093,2.45986E-4
70.2998,1.98999E-4
70.6084,1.62735E-4
70.9897,1.31037E-4
71.3891,1.07657E-4
71.843,8.87482E-5
72.3876,7.32597E-5
72.9504,6.15397E-5
73.5314,5.28352E-5
74.2576,4.50442E-5
75.2016,3.81952E-5
76.2909,3.32164E-5
77.3076,2.99771E-5
78.4695,2.75531E-5
79.0505,2.66644E-5
81.3158,2.52144E-5
82.8657,2.58908E-5
84.0579,2.79522E-5
84.9223,3.09397E-5
85.5184,3.49347E-5
85.9655,3.97965E-5
86.2678,4.50465E-5
86.5701,5.29996E-5
86.8014,6.21484E-5
87.0098,7.46518E-5
87.1586,8.76938E-5
87.3032,1.05808E-4
87.4322,1.29436E-4
87.5428,1.591E-4
87.6321,1.93645E-4
87.7086,2.35768E-4
87.7767,2.89776E-4
87.8263,3.46896E-4
87.866,4.13124E-4
87.9007,4.99422E-4
87.9269,5.95731E-4
87.9517,7.27905E-4
87.973,8.90119E-4
87.9907,0.00107527
88.0084,0.00132296
88.0276,0.00168493
88.0446,0.0021153
88.0616,0.00267775
88.0786,0.00340644
88.0984,0.0045193
88.1183,0.00598189
88.1396,0.00802237
88.1608,0.010643
88.1849,0.0144189
88.2133,0.0200648
88.2459,0.0281854
88.2969,0.0436704
88.3638,0.0644561
88.4069,0.0738556
88.4473,0.0772537
88.4498,0.0772655
88.4863,0.0747759
88.5226,0.0678456
88.5747,0.0527458
88.6456,0.0304951
88.6796,0.0216432
88.708,0.0156849
88.7328,0.0115489
88.7562,0.00849975
88.7775,0.00635532
88.7959,0.00490773
88.8157,0.00370301
88.8327,0.00291005
88.8498,0.00229531
88.8668,0.00182315
88.8845,0.00145021
88.9022,0.00117057
88.9199,9.6137E-4
88.9412,7.783E-4
88.9624,6.47713E-4
88.9873,5.39924E-4
89.0114,4.65391E-4
89.0454,3.91247E-4
89.0879,3.27954E-4
89.1418,2.72668E-4
89.2098,2.24069E-4
89.2892,1.84386E-4
89.3799,1.52457E-4
89.482,1.2707E-4
89.6124,1.04569E-4
89.7542,8.78167E-5
89.9243,7.40647E-5
90.1455,6.22901E-5
90.3971,5.37435E-5
90.7564,4.63964E-5
91.1877,4.13181E-5
91.7931,3.79849E-5
92.3985,3.65243E-5
92.802,3.62346E-5
93.7706,3.70623E-5
95.6628,4.27607E-5
96.7741,4.85668E-5
97.8854,5.69426E-5
98.9967,6.87645E-5
99.9691,8.42577E-5
100.803,1.03506E-4
101.497,1.26279E-4
102.122,1.55228E-4
102.747,1.96049E-4
103.216,2.40172E-4
103.633,2.94524E-4
103.998,3.59937E-4
104.371,4.52832E-4
104.65,5.50183E-4
104.934,6.86341E-4
105.188,8.57886E-4
105.412,0.00107135
105.6,0.0013201
105.778,0.00164835
105.934,0.00205116
106.078,0.0025737
106.198,0.00318255
106.303,0.00392286
106.4,0.00488379
106.486,0.00606837
106.559,0.00750261
106.62,0.00920246
106.665,0.0109801
106.708,0.0133955
106.742,0.0162241
106.772,0.0197946
106.798,0.0243035
106.824,0.0305248
106.847,0.0383144
106.871,0.0489724
106.893,0.0629283
106.917,0.0821338
106.94,0.108393
106.965,0.144168
106.99,0.191897
107.017,0.258928
107.048,0.353054
107.084,0.494283
107.135,0.738711
107.222,1.19029
107.271,1.36718
107.317,1.4314
107.32,1.43157
107.365,1.37579
107.412,1.21423
107.494,0.798419
107.549,0.523247
107.585,0.376722
107.617,0.275114
107.644,0.203877
107.669,0.15492
107.693,0.116891
107.716,0.0892364
107.738,0.069728
107.759,0.054805
107.78,0.043497
107.802,0.0349842
107.826,0.0278205
107.852,0.0224297
107.881,0.0181035
107.91,0.0150732
107.942,0.0127263
107.985,0.0105049
108.036,0.00865754
108.098,0.00707961
108.171,0.00575785
108.257,0.00465439
108.359,0.00371431
108.462,0.00303883
108.589,0.00243478
108.725,0.00196873
108.876,0.00159504
109.047,0.00128922
109.247,0.00103228
109.462,8.34568E-4
109.696,6.78058E-4
109.952,5.53201E-4
110.258,4.4549E-4
110.604,3.59092E-4
110.999,2.8787E-4
111.415,2.34275E-4
111.89,1.90281E-4
112.445,1.53836E-4
113.039,1.2653E-4
113.693,1.0466E-4
114.485,8.59775E-5
115.278,7.27432E-5
116.308,6.0886E-5
117.497,5.22661E-5
118.289,4.80434E-5
119.24,4.45284E-5
120.966,4.15544E-5
121.424,4.14433E-5
122.603,4.24326E-5
123.912,4.63459E-5
124.893,5.18289E-5
125.679,5.92342E-5
126.431,7.04392E-5
127.004,8.33951E-5
127.495,9.90379E-5
127.904,1.17935E-4
128.296,1.43777E-4
128.624,1.74379E-4
128.908,2.11077E-4
129.151,2.54497E-4
129.377,3.10387E-4
129.587,3.82523E-4
129.78,4.76581E-4
129.935,5.82054E-4
130.078,7.16496E-4
130.207,8.85264E-4
130.318,0.00108685
130.417,0.00133598
130.501,0.00163214
130.578,0.00200783
130.638,0.00242952
130.687,0.00291212
130.723,0.00342513
130.759,0.00416152
130.787,0.0049829
130.816,0.00614229
130.84,0.00752842
130.863,0.00928982
130.887,0.011902
130.908,0.0149044
130.93,0.0188195
130.951,0.023881
130.975,0.0314134
131.0,0.0417031
131.025,0.0550113
131.053,0.0737621
131.083,0.0998102
131.116,0.135163
131.16,0.194676
131.29,0.404356
131.345,0.468223
131.395,0.491379
131.4,0.491601
131.445,0.475329
131.49,0.430054
131.563,0.319107
131.642,0.191331
131.682,0.137363
131.716,0.100185
131.747,0.0741074
131.774,0.0553181
131.799,0.0422044
131.823,0.0321806
131.847,0.0244779
131.871,0.0186522
131.896,0.0143059
131.92,0.0110982
131.944,0.00874791
131.968,0.00703146
131.992,0.00577575
132.018,0.00481766
132.048,0.00399251
132.083,0.00332126
132.123,0.00278828
132.174,0.00232347
132.234,0.00192994
132.307,0.00159081
132.399,0.00128147
132.496,0.00105017
132.609,8.545E-4
132.746,6.84907E-4
132.887,5.59908E-4
133.06,4.49932E-4
133.258,3.61626E-4
133.463,2.96137E-4
133.689,2.44087E-4
133.968,1.98257E-4
134.289,1.61373E-4
134.663,1.31645E-4
135.091,1.08691E-4
135.572,9.07494E-5
136.054,7.84308E-5
136.695,6.74619E-5
137.337,6.04706E-5
138.069,5.56381E-5
138.801,5.3043E-5
139.679,5.23972E-5
140.848,5.49481E-5
141.907,6.10987E-5
142.79,6.99803E-5
143.569,8.2198E-5
144.194,9.64212E-5
144.811,1.17077E-4
145.351,1.41981E-4
145.812,1.7285E-4
146.25,2.14811E-4
146.624,2.65927E-4
146.942,3.26626E-4
147.236,4.05408E-4
147.473,4.93618E-4
147.691,6.05244E-4
147.896,7.50482E-4
148.065,9.1569E-4
148.223,0.00112726
148.358,0.00137588
148.482,0.00168776
148.592,0.00207029
148.696,0.00257116
148.777,0.00311571
148.844,0.00373673
148.905,0.00451843
148.95,0.00533753
148.989,0.00634812
149.023,0.00757547
149.055,0.00923279
149.083,0.0112354
149.11,0.0140169
149.134,0.0172621
149.158,0.0215772
149.181,0.0271361
149.205,0.0345996
149.228,0.0443178
149.255,0.0588704
149.282,0.0779372
149.31,0.102711
149.338,0.135703
149.371,0.182457
149.408,0.250474
149.459,0.36343
149.585,0.682665
149.642,0.786804
149.696,0.824622
149.7,0.824819
149.749,0.797102
149.797,0.720033
149.869,0.547885
149.956,0.327412
150.002,0.230422
150.038,0.169062
150.072,0.123468
150.103,0.0910027
150.131,0.0682337
150.157,0.0517642
150.181,0.0403899
150.204,0.0315863
150.228,0.024846
150.252,0.0197308
150.278,0.0154822
150.306,0.0122832
150.333,0.00998435
150.365,0.00812013
150.402,0.00662905
150.441,0.00552679
150.486,0.00464647
150.542,0.00387117
150.619,0.00313507
150.7,0.00258164
150.799,0.00209295
150.907,0.00170808
151.033,0.00138306
151.182,0.00110887
151.34,9.00114E-4
151.524,7.24162E-4
151.713,5.93556E-4
151.934,4.82284E-4
152.186,3.904E-4
152.475,3.15047E-4
152.777,2.58245E-4
153.132,2.10195E-4
153.554,1.69019E-4
154.02,1.36917E-4
154.508,1.12898E-4
155.063,9.32445E-5
155.729,7.68914E-5
156.417,6.44501E-5
157.305,5.31664E-5
158.281,4.46641E-5
159.413,3.79462E-5
160.745,3.2507E-5
162.464,2.80423E-5
164.761,2.45419E-5
167.403,2.24572E-5
171.218,2.14633E-5
171.456,2.14617E-5
175.334,2.22108E-5
179.413,2.46057E-5
183.492,2.93073E-5
186.347,3.48177E-5
188.386,4.07261E-5
190.018,4.727E-5
191.445,5.50194E-5
192.873,6.51562E-5
194.3,7.99626E-5
195.524,9.82298E-5
196.544,1.19757E-4
197.461,1.47093E-4
198.379,1.85635E-4
199.068,2.27243E-4
199.684,2.79041E-4
200.223,3.41651E-4
200.743,4.25938E-4
201.196,5.29166E-4
201.581,6.51557E-4
201.918,7.99164E-4
202.227,9.84541E-4
202.496,0.001207
202.737,0.00147906
202.968,0.00184078
203.165,0.00227024
203.334,0.00277238
203.498,0.00344491
203.633,0.00421007
203.753,0.00514459
203.862,0.00631696
203.96,0.00777455
204.042,0.00950058
204.109,0.0115173
204.163,0.0138096
204.215,0.0169038
204.261,0.0209473
204.302,0.0261111
204.336,0.032174
204.37,0.040164
204.404,0.0509162
204.437,0.065286
204.473,0.0855233
204.508,0.111622
204.546,0.149026
204.588,0.201614
204.634,0.276174
204.689,0.386886
204.8,0.659158
204.888,0.860745
204.954,0.951889
205.0,0.971794
205.056,0.942315
205.123,0.837407
205.223,0.599277
205.316,0.375655
205.372,0.265528
205.418,0.193318
205.459,0.143183
205.496,0.108478
205.533,0.08193
205.566,0.0639797
205.597,0.0507326
205.631,0.0400336
205.664,0.0320782
205.703,0.0254639
205.744,0.0204857
205.786,0.0168566
205.828,0.0142347
205.888,0.0115885
205.953,0.00960482
206.04,0.00775578
206.141,0.00625396
206.252,0.00508523
206.387,0.0040718
206.536,0.00327599
206.705,0.002635
206.878,0.0021581
207.08,0.00175279
207.311,0.00141901
207.581,0.00114158
207.889,9.17895E-4
208.216,7.49092E-4
208.602,6.0875E-4
209.052,4.95477E-4
209.529,4.14319E-4
210.081,3.52885E-4
210.695,3.1317E-4
211.233,2.98649E-4
211.39,2.97944E-4
211.837,3.06056E-4
212.284,3.3214E-4
212.683,3.79338E-4
212.984,4.39149E-4
213.235,5.14805E-4
213.473,6.22234E-4
213.676,7.59753E-4
213.85,9.33476E-4
214.001,0.00115253
214.114,0.00138581
214.213,0.00167116
214.29,0.00198009
214.351,0.00232626
214.409,0.00280558
214.451,0.00331801
214.487,0.00394712
214.523,0.0048538
214.553,0.00592746
214.583,0.00742033
214.61,0.00929366
214.636,0.0116431
214.662,0.0147425
214.687,0.0188025
214.713,0.0240729
214.739,0.0310983
214.767,0.0404133
214.797,0.0539309
214.828,0.0712836
214.862,0.0954749
214.901,0.130898
214.944,0.179878
214.999,0.258911
215.169,0.543772
215.236,0.621585
215.298,0.648242
215.3,0.648261
215.362,0.623422
215.426,0.551038
215.532,0.373402
215.615,0.236342
215.664,0.170072
215.705,0.124793
215.741,0.0930637
215.775,0.0691585
215.806,0.0522876
215.837,0.0391676
215.867,0.0294033
215.892,0.0229551
215.918,0.017943
215.944,0.0140866
215.972,0.0108929
215.997,0.0087254
216.023,0.00709075
216.054,0.00565258
216.085,0.00462588
216.12,0.00378385
216.162,0.00312717
216.203,0.00267311
216.257,0.00225201
216.326,0.00188971
216.408,0.00158299
216.51,0.00130829
216.637,0.00106776
216.78,8.75431E-4
216.948,7.18311E-4
217.136,5.96048E-4
217.347,5.02868E-4
217.557,4.41143E-4
217.803,3.99656E-4
217.987,3.89393E-4
218.172,4.02699E-4
218.294,4.34614E-4
218.371,4.75878E-4
218.433,5.36741E-4
218.479,6.15757E-4
218.517,7.21066E-4
218.547,8.42989E-4
218.575,0.0010019
218.603,0.0012215
218.631,0.00152332
218.659,0.00193473
218.687,0.00248965
218.715,0.00322888
218.743,0.00420016
218.772,0.00552871
218.801,0.00723992
218.835,0.00975297
218.868,0.0129542
218.909,0.0178514
218.954,0.0246373
219.012,0.0356061
219.164,0.0677925
219.232,0.0780341
219.296,0.0817529
219.3,0.0817677
219.363,0.0785625
219.425,0.0697375
219.53,0.0478035
219.614,0.0304401
219.665,0.0216456
219.706,0.0158037
219.745,0.0115517
219.778,0.00868866
219.807,0.00666076
219.836,0.00506376
219.866,0.00382858
219.895,0.00288949
219.922,0.00223005
219.95,0.00171583
219.979,0.0013361
220.007,0.00105817
220.035,8.55966E-4
220.067,6.95594E-4
220.098,5.82906E-4
220.134,4.94122E-4
220.173,4.27511E-4
220.222,3.71602E-4
220.28,3.26819E-4
220.378,2.78217E-4
220.518,2.33892E-4
220.685,1.99111E-4
220.886,1.71301E-4
221.137,1.48192E-4
221.505,1.26504E-4
221.965,1.09519E-4
222.425,9.83342E-5
223.0,8.9456E-5
223.864,8.17136E-5
224.981,7.83606E-5
225.869,8.0802E-5
226.757,8.76687E-5
227.392,9.70073E-5
228.132,1.14716E-4
228.618,1.32946E-4
229.041,1.55994E-4
229.464,1.89372E-4
229.848,2.33692E-4
230.168,2.87945E-4
230.442,3.55313E-4
230.667,4.33279E-4
230.881,5.37501E-4
231.051,6.53918E-4
231.209,8.03577E-4
231.354,9.97763E-4
231.469,0.00121145
231.568,0.0014631
231.656,0.00177933
231.728,0.0021535
231.785,0.00259847
231.832,0.00314336
231.869,0.00376039
231.906,0.0046415
231.937,0.00567338
231.968,0.00709126
231.998,0.00904122
232.027,0.0115079
232.056,0.0147966
232.085,0.0191417
232.113,0.0248198
232.142,0.0321453
232.174,0.0427868
232.207,0.0564649
232.243,0.0758345
232.283,0.103282
232.329,0.143249
232.385,0.203909
232.562,0.429016
232.629,0.489246
232.695,0.51244
232.7,0.512546
232.766,0.492057
232.831,0.435719
232.94,0.298304
233.028,0.18822
233.079,0.135329
233.123,0.0993213
233.163,0.0727548
233.199,0.0536137
233.232,0.0405707
233.264,0.0304579
233.292,0.023734
233.319,0.0184838
233.347,0.0144314
233.377,0.0111376
233.403,0.00898777
233.433,0.00705209
233.464,0.00564353
233.495,0.00461762
233.527,0.0038445
233.564,0.00319985
233.607,0.00267385
233.656,0.00225659
233.717,0.00189409
233.791,0.00158796
233.884,0.00131376
233.994,0.00107669
234.136,8.61527E-4
234.279,7.05917E-4
234.439,5.79602E-4
234.636,4.67754E-4
234.866,3.75693E-4
235.129,3.02043E-4
235.404,2.47417E-4
235.741,1.99957E-4
236.11,1.63359E-4
236.51,1.35194E-4
236.991,1.11656E-4
237.601,9.0894E-5
238.274,7.5353E-5
239.011,6.37418E-5
239.973,5.3887E-5
240.775,4.79417E-5
241.929,4.20636E-5
243.468,3.70848E-5
245.52,3.33554E-5
247.572,3.14596E-5
250.137,3.07056E-5
253.371,3.18627E-5
255.836,3.41072E-5
257.916,3.70095E-5
260.516,4.32395E-5
262.405,5.07144E-5
264.012,6.06515E-5
265.21,7.18568E-5
266.11,8.38839E-5
267.048,1.02034E-4
267.846,1.24678E-4
268.51,1.52044E-4
269.079,1.85494E-4
269.584,2.27299E-4
270.025,2.79883E-4
270.361,3.3487E-4
270.692,4.09412E-4
270.987,5.02089E-4
271.269,6.2664E-4
271.509,7.77264E-4
271.702,9.45234E-4
271.898,0.00118377
272.068,0.00147795
272.202,0.0018008
272.33,0.00223207
272.439,0.002758
272.514,0.00327973
272.578,0.00389367
272.628,0.00458914
272.678,0.00559835
272.723,0.0069041
272.76,0.00851527
272.794,0.0105031
272.828,0.0132859
272.862,0.0171145
272.892,0.0215001
272.921,0.0271975
272.953,0.0352307
272.987,0.046584
273.021,0.0613912
273.055,0.0803615
273.091,0.105152
273.133,0.143023
273.182,0.197993
273.243,0.284462
273.34,0.452633
273.451,0.647874
273.526,0.738597
273.597,0.771462
273.6,0.7715
273.67,0.741542
273.741,0.658954
273.86,0.45201
273.957,0.284092
274.014,0.202429
274.063,0.146612
274.106,0.108023
274.146,0.079628
274.183,0.0596653
274.216,0.0457234
274.25,0.0345917
274.279,0.0272515
274.308,0.0215479
274.338,0.0171547
274.367,0.013747
274.402,0.0107907
274.437,0.00865679
274.472,0.00711194
274.514,0.00578354
274.552,0.00494957
274.601,0.00415278
274.663,0.00346854
274.743,0.00286618
274.844,0.00233576
274.968,0.00188366
275.098,0.00154662
275.264,0.00123909
275.44,0.00100639
275.639,8.18529E-4
275.871,6.62084E-4
276.136,5.35605E-4
276.436,4.35207E-4
276.791,3.52274E-4
277.148,2.92712E-4
277.617,2.37786E-4
278.141,1.96166E-4
278.709,1.65454E-4
279.278,1.44096E-4
280.085,1.23837E-4
281.141,1.08239E-4
282.336,9.91611E-5
283.377,9.59734E-5
284.11,9.5595E-5
286.044,1.00531E-4
287.835,1.11783E-4
289.485,1.2924E-4
290.992,1.53033E-4
292.248,1.81607E-4
293.505,2.21196E-4
294.635,2.72907E-4
295.673,3.40914E-4
296.553,4.2381E-4
297.341,5.29728E-4
298.021,6.59469E-4
298.635,8.25662E-4
299.13,0.001013
299.612,0.00126693
300.012,0.00156147
300.39,0.00195012
300.733,0.00244735
301.016,0.00302253
301.277,0.00375939
301.501,0.00463809
301.693,0.00566469
301.871,0.00697913
302.024,0.00852748
302.172,0.0106079
302.294,0.0130296
302.391,0.0157053
302.468,0.01865
302.529,0.0219475
302.583,0.0260288
302.634,0.0316701
302.678,0.0388868
302.716,0.047681
302.755,0.0600046
302.787,0.0740226
302.818,0.0926238
302.852,0.118326
302.883,0.150166
302.919,0.198087
302.954,0.261454
302.991,0.34559
303.029,0.460047
303.071,0.622187
303.116,0.841612
303.167,1.15763
303.23,1.65026
303.341,2.69267
303.445,3.65864
303.522,4.16165
303.597,4.34362
303.6,4.34383
303.673,4.17805
303.747,3.72028
303.863,2.65395
303.967,1.66997
304.032,1.16531
304.083,0.84813
304.128,0.627627
304.17,0.464496
304.208,0.349205
304.243,0.268292
304.278,0.203386
304.314,0.154204
304.345,0.122058
304.375,0.0972376
304.407,0.0775177
304.439,0.0626374
304.477,0.049548
304.515,0.040212
304.56,0.0325665
304.61,0.0267388
304.656,0.0229515
304.717,0.019344
304.793,0.016184
304.885,0.0134872
305.008,0.0109249
305.15,0.00880899
305.303,0.00718113
305.482,0.00580859
305.686,0.00468485
305.908,0.00380148
306.16,0.00307998
306.438,0.00250338
306.762,0.00202104
307.117,0.00164336
307.503,0.00134546
307.966,0.00108991
308.506,8.79833E-4
309.062,7.28885E-4
309.649,6.16201E-4
310.39,5.19035E-4
311.254,4.48246E-4
311.872,4.17757E-4
312.613,4.00196E-4
312.984,3.98614E-4
313.725,4.10774E-4
314.466,4.47755E-4
315.129,5.1102E-4
315.724,6.05399E-4
316.148,7.07668E-4
316.55,8.47154E-4
316.915,0.00103059
317.245,0.00127112
317.522,0.00156191
317.769,0.00192915
317.986,0.00238459
318.163,0.00290676
318.325,0.00356712
318.473,0.00441358
318.603,0.00546139
318.714,0.00673457
318.807,0.00823068
318.884,0.00996316
318.961,0.012391
319.023,0.0150861
319.085,0.0187528
319.147,0.0237681
319.205,0.0302066
319.261,0.0382274
319.323,0.0498039
319.392,0.0666715
319.468,0.0898476
319.605,0.141511
319.736,0.189374
319.826,0.210519
319.9,0.216361
319.989,0.207875
320.079,0.184296
320.332,0.0896912
320.414,0.0648893
320.481,0.0489113
320.541,0.0379169
320.604,0.0290178
320.666,0.0225981
320.728,0.0178907
320.789,0.0144467
320.851,0.0119091
320.928,0.00961355
321.005,0.00796643
321.092,0.00661712
321.203,0.00536822
321.333,0.00433771
321.464,0.00358535
321.621,0.00292652
321.814,0.00234975
322.031,0.00189266
322.247,0.00156235
322.517,0.00126378
322.826,0.00102228
323.188,8.235E-4
323.567,6.77791E-4
324.007,5.58313E-4
324.493,4.6576E-4
325.087,3.88698E-4
325.705,3.36283E-4
326.322,3.03469E-4
326.986,2.85288E-4
327.378,2.82354E-4
328.0,2.9095E-4
328.47,3.11081E-4
328.943,3.48759E-4
329.363,4.0477E-4
329.724,4.80967E-4
329.976,5.59311E-4
330.228,6.70456E-4
330.444,8.06551E-4
330.642,9.84239E-4
330.804,0.00118966
330.954,0.00145783
331.08,0.00177801
331.185,0.00215748
331.278,0.00264583
331.353,0.00322761
331.413,0.00390261
331.465,0.00473961
331.513,0.00578921
331.554,0.00703231
331.595,0.00869197
331.641,0.0111857
331.683,0.0142688
331.723,0.0180959
331.767,0.0235858
331.812,0.0308288
331.862,0.041245
331.92,0.0564848
331.986,0.0784624
332.083,0.118127
332.227,0.179409
332.309,0.204229
332.388,0.214549
332.4,0.214714
332.477,0.207134
332.563,0.182747
332.71,0.12112
332.809,0.0801282
332.875,0.0578512
332.928,0.0434858
332.979,0.0325891
333.024,0.0248771
333.067,0.0191943
333.111,0.0148288
333.154,0.0115279
333.198,0.00900337
333.24,0.0072339
333.288,0.00575575
333.336,0.00469457
333.39,0.00384286
333.45,0.00317694
333.525,0.00260129
333.6,0.00219645
333.708,0.00178468
333.834,0.00145089
333.969,0.00119581
334.131,9.7544E-4
334.32,7.92194E-4
334.536,6.43503E-4
334.788,5.20988E-4
335.065,4.26092E-4
335.401,3.44856E-4
335.767,2.8293E-4
336.229,2.28562E-4
336.715,1.88846E-4
337.255,1.57646E-4
337.885,1.31789E-4
338.715,1.0822E-4
339.69,8.94512E-5
340.957,7.32661E-5
342.413,6.08036E-5
344.159,5.09564E-5
346.488,4.20718E-5
349.205,3.53466E-5
352.311,3.03111E-5
355.416,2.69423E-5
359.686,2.40481E-5
363.762,2.28656E-5
364.344,2.28506E-5
367.259,2.38644E-5
368.638,2.55844E-5
369.585,2.78076E-5
370.361,3.10941E-5
371.007,3.58223E-5
371.395,4.02788E-5
371.795,4.73677E-5
372.082,5.50751E-5
372.347,6.56757E-5
372.56,7.84114E-5
372.737,9.39734E-5
372.879,1.12067E-4
372.986,1.31723E-4
373.071,1.54963E-4
373.135,1.81068E-4
373.188,2.13277E-4
373.234,2.54075E-4
373.277,3.08411E-4
373.313,3.717E-4
373.348,4.58086E-4
373.384,5.76037E-4
373.419,7.36525E-4
373.453,9.41044E-4
373.485,0.00119509
373.517,0.00152294
373.554,0.00202189
373.591,0.00267621
373.631,0.00358902
373.671,0.00476498
373.716,0.00643432
373.76,0.00853744
373.817,0.0119208
373.884,0.0169559
373.986,0.0261611
374.13,0.0395244
374.215,0.0449854
374.297,0.0469609
374.3,0.0469638
374.374,0.0454536
374.448,0.0412284
374.556,0.031834
374.698,0.0184299
374.764,0.0131933
374.824,0.00937963
374.873,0.00693751
374.917,0.00516274
374.957,0.00390392
374.997,0.00292058
375.035,0.0021969
375.073,0.00165689
375.104,0.00130928
375.135,0.00103697
375.166,8.25506E-4
375.197,6.62509E-4
375.231,5.25368E-4
375.267,4.21731E-4
375.307,3.37907E-4
375.351,2.73293E-4
375.396,2.28867E-4
375.449,1.92577E-4
375.518,1.61828E-4
375.593,1.40046E-4
375.692,1.20274E-4
375.841,1.00429E-4
376.017,8.49201E-5
376.206,7.36364E-5
376.457,6.37548E-5
376.772,5.62389E-5
377.105,5.16388E-5
377.518,4.89672E-5
377.725,4.86068E-5
378.301,5.05353E-5
378.692,5.43803E-5
379.113,6.14983E-5
379.494,7.19231E-5
379.794,8.43987E-5
380.065,1.00949E-4
380.308,1.22732E-4
380.506,1.48521E-4
380.672,1.7896E-4
380.818,2.16944E-4
380.931,2.58091E-4
381.022,3.03519E-4
381.099,3.5712E-4
381.163,4.18737E-4
381.226,5.06706E-4
381.282,6.18547E-4
381.328,7.50628E-4
381.376,9.39282E-4
381.416,0.00116089
381.457,0.00145727
381.498,0.0018515
381.539,0.00237119
381.584,0.00313473
381.629,0.00414103
381.675,0.00544045
381.725,0.00728825
381.779,0.00978364
381.842,0.0134175
381.923,0.019161
382.111,0.0340092
382.208,0.0394076
382.291,0.0412729
382.3,0.0412891
382.38,0.0398648
382.463,0.0356759
382.597,0.0255151
382.721,0.0159345
382.79,0.0114829
382.853,0.00823893
382.907,0.00605073
382.957,0.00449738
383.0,0.00345731
383.045,0.00261491
383.085,0.00205204
383.125,0.00161964
383.164,0.00129064
383.204,0.00104199
383.252,8.23196E-4
383.299,6.67201E-4
383.354,5.41693E-4
383.415,4.4459E-4
383.478,3.74726E-4
383.569,3.0655E-4
383.678,2.51648E-4
383.814,2.04705E-4
383.972,1.66782E-4
384.135,1.39027E-4
384.357,1.12401E-4
384.597,9.25035E-5
384.897,7.5456E-5
385.245,6.20024E-5
385.653,5.14248E-5
386.116,4.33817E-5
386.578,3.78313E-5
387.213,3.26238E-5
387.849,2.91143E-5
388.802,2.56619E-5
389.994,2.30088E-5
391.45,2.1105E-5
393.795,1.95428E-5
397.472,1.88414E-5
401.161,1.94871E-5
403.582,2.09741E-5
405.115,2.2977E-5
406.035,2.51291E-5
406.799,2.81133E-5
407.435,3.2276E-5
407.881,3.70513E-5
408.269,4.36871E-5
408.564,5.16422E-5
408.81,6.18598E-5
408.997,7.36081E-5
409.136,8.62331E-5
409.246,1.00959E-4
409.338,1.19776E-4
409.403,1.40158E-4
409.458,1.66425E-4
409.504,1.98571E-4
409.551,2.4527E-4
409.592,3.05743E-4
409.626,3.73918E-4
409.663,4.73051E-4
409.7,6.07139E-4
409.737,7.87076E-4
409.774,0.00102611
409.811,0.00133996
409.849,0.0017698
409.888,0.00232534
409.932,0.00314608
409.977,0.00420084
410.025,0.00564705
410.076,0.00759374
410.141,0.0106153
410.231,0.0158238
410.408,0.0270114
410.5,0.0312157
410.586,0.0329247
410.6,0.032961
410.683,0.0317556
410.771,0.0281085
410.908,0.0197221
411.026,0.0123988
411.094,0.00888813
411.153,0.00642805
411.207,0.0046644
411.253,0.00347207
411.294,0.00262774
411.334,0.00199471
411.373,0.00151416
411.412,0.00114553
411.444,9.07951E-4
411.476,7.21625E-4
411.508,5.76719E-4
411.544,4.55189E-4
411.581,3.6037E-4
411.614,2.97623E-4
411.656,2.4018E-4
411.697,1.99506E-4
411.747,1.65683E-4
411.804,1.3976E-4
411.876,1.18578E-4
411.972,1.00664E-4
412.092,8.61557E-5
412.256,7.29653E-5
412.441,6.30025E-5
412.671,5.46591E-5
412.902,4.90549E-5
413.27,4.33511E-5
413.639,3.99571E-5
414.13,3.74969E-5
414.868,3.63423E-5
415.718,3.73043E-5
416.569,4.0107E-5
417.414,4.49286E-5
418.108,5.10684E-5
418.802,5.99488E-5
419.441,7.20565E-5
419.946,8.59062E-5
420.367,1.02205E-4
420.754,1.23331E-4
421.107,1.50596E-4
421.41,1.83458E-4
421.68,2.24159E-4
421.915,2.73813E-4
422.129,3.36904E-4
422.313,4.13261E-4
422.471,5.04723E-4
422.609,6.17776E-4
422.707,7.32625E-4
422.786,8.64086E-4
422.852,0.00102464
422.909,0.00123395
422.958,0.0014998
423.0,0.00181689
423.041,0.00226278
423.075,0.00277711
423.108,0.00342787
423.141,0.0042846
423.174,0.00540736
423.21,0.00703764
423.246,0.00919698
423.284,0.0121731
423.323,0.0162616
423.363,0.021591
423.402,0.0284226
423.445,0.0380357
423.495,0.0519657
423.548,0.0711759
423.607,0.0978079
423.688,0.142764
423.899,0.281584
424.0,0.330596
424.088,0.348162
424.1,0.348404
424.181,0.336332
424.263,0.302718
424.387,0.22528
424.525,0.135153
424.599,0.0944895
424.656,0.0694462
424.706,0.051777
424.753,0.038327
424.798,0.0283811
424.839,0.0214063
424.878,0.0162048
424.916,0.012258
424.954,0.00924597
424.99,0.00705648
425.024,0.00550538
425.058,0.00432437
425.092,0.00345018
425.128,0.00274043
425.168,0.0021622
425.21,0.00173265
425.253,0.00142867
425.3,0.00119575
425.352,0.00101199
425.424,8.42363E-4
425.507,7.11157E-4
425.615,5.93129E-4
425.765,4.79619E-4
425.931,3.91059E-4
426.124,3.17515E-4
426.346,2.57845E-4
426.576,2.13254E-4
426.829,1.77466E-4
427.133,1.46354E-4
427.504,1.19371E-4
427.906,9.89725E-5
428.387,8.18697E-5
428.948,6.79417E-5
429.622,5.66356E-5
430.392,4.80321E-5
431.355,4.11683E-5
432.317,3.65534E-5
433.601,3.26198E-5
435.141,2.98221E-5
437.194,2.78832E-5
440.275,2.69383E-5
445.552,2.82094E-5
449.81,3.11122E-5
454.094,3.5921E-5
457.835,4.23615E-5
461.082,5.10561E-5
463.42,6.03588E-5
465.302,7.10787E-5
466.936,8.44301E-5
468.369,1.01838E-4
469.39,1.20587E-4
470.133,1.41081E-4
470.733,1.65981E-4
471.133,1.90266E-4
471.505,2.23904E-4
471.777,2.60978E-4
471.995,3.04873E-4
472.161,3.54828E-4
472.275,4.07255E-4
472.361,4.68826E-4
472.432,5.5097E-4
472.489,6.54506E-4
472.539,7.91711E-4
472.577,9.4274E-4
472.62,0.00117725
472.658,0.00147132
472.697,0.0018725
472.735,0.00241594
472.774,0.00314527
472.812,0.0041135
472.853,0.00546412
472.891,0.00713061
472.93,0.00925558
472.975,0.0124293
473.02,0.0164842
473.073,0.0226411
473.133,0.0314556
473.197,0.0432694
473.282,0.0625607
473.495,0.116829
473.6,0.136012
473.692,0.142614
473.7,0.142653
473.791,0.1371
473.882,0.12176
474.028,0.0856968
474.156,0.0534148
474.233,0.0374671
474.293,0.0274542
474.35,0.0198758
474.401,0.0145596
474.447,0.0108835
474.49,0.00816271
474.53,0.00622812
474.57,0.00473683
474.61,0.00360415
474.65,0.00275567
474.69,0.00212807
474.73,0.00166899
474.769,0.00133628
474.81,0.00109493
474.856,9.0227E-4
474.902,7.70904E-4
474.963,6.57233E-4
475.04,5.73007E-4
475.132,5.15302E-4
475.285,4.6378E-4
475.53,4.2488E-4
475.912,4.07306E-4
476.346,4.19713E-4
476.843,4.61475E-4
477.463,5.48161E-4
477.982,6.5969E-4
478.42,7.94221E-4
478.858,9.83747E-4
479.228,0.00121008
479.542,0.00147659
479.856,0.00185054
480.125,0.00230646
480.343,0.00282325
480.539,0.00346271
480.707,0.00421722
480.864,0.0051983
480.976,0.0061718
481.083,0.00747944
481.167,0.00900684
481.234,0.0108133
481.293,0.0131287
481.342,0.0158894
481.391,0.0197894
481.433,0.0244281
481.475,0.0307245
481.517,0.0392496
481.559,0.0507236
481.598,0.0648727
481.637,0.0832151
481.682,0.110576
481.727,0.146334
481.772,0.193047
481.821,0.257176
481.875,0.346712
481.937,0.475935
482.014,0.678931
482.119,1.01877
482.293,1.61477
482.391,1.85982
482.485,1.96006
482.5,1.96207
482.59,1.8913
482.679,1.69485
482.818,1.23961
482.962,0.749692
483.039,0.533422
483.102,0.390094
483.161,0.283912
483.214,0.208996
483.263,0.155544
483.307,0.118258
483.352,0.089482
483.394,0.0685328
483.436,0.0526229
483.478,0.0406759
483.52,0.0317859
483.562,0.0252123
483.601,0.0206454
483.643,0.0169971
483.693,0.0138392
483.752,0.0112933
483.811,0.00953322
483.889,0.00791807
483.979,0.00665462
484.091,0.00554426
484.231,0.00455585
484.399,0.00370696
484.595,0.00299906
484.808,0.00244664
485.044,0.00200327
485.324,0.00162237
485.637,0.0013173
485.996,0.00106885
486.385,8.7638E-4
486.773,7.35752E-4
487.254,6.10058E-4
487.81,5.06884E-4
488.365,4.32577E-4
489.105,3.63928E-4
489.845,3.18446E-4
490.734,2.84406E-4
491.757,2.62948E-4
492.781,2.55642E-4
494.092,2.67181E-4
495.265,2.98403E-4
496.286,3.478E-4
497.146,4.13464E-4
497.845,4.91952E-4
498.523,6.01701E-4
499.103,7.38015E-4
499.62,9.11205E-4
500.05,0.00111448
500.426,0.00136084
500.749,0.00164964
501.066,0.00204074
501.33,0.00248981
501.566,0.00304187
501.792,0.00377272
501.988,0.00466276
502.156,0.00572618
502.311,0.00710629
502.428,0.00857398
502.542,0.010613
502.634,0.0129842
502.711,0.0157978
502.779,0.0193378
502.846,0.024097
502.911,0.0305178
502.969,0.0383885
503.027,0.0488822
503.083,0.0621345
503.147,0.0821736
503.212,0.10828
503.281,0.143737
503.364,0.198132
503.481,0.291252
503.685,0.466221
503.798,0.532895
503.899,0.553762
503.995,0.535387
504.107,0.472163
504.305,0.303098
504.425,0.205733
504.511,0.148604
504.58,0.112176
504.644,0.0852293
504.709,0.0644631
504.763,0.0511526
504.821,0.0401039
504.879,0.0317998
504.937,0.0256016
505.001,0.0205452
505.07,0.0166655
505.139,0.013861
505.225,0.0113507
505.32,0.00939845
505.427,0.00780653
505.556,0.00642789
505.701,0.00530161
505.89,0.00425326
506.083,0.00348011
506.309,0.00282539
506.567,0.00228644
506.858,0.00185046
507.196,0.00148626
507.557,0.00120807
507.987,9.70039E-4
508.46,7.83789E-4
508.976,6.38111E-4
509.525,5.25912E-4
510.202,4.26367E-4
510.923,3.5056E-4
511.762,2.87513E-4
512.74,2.35926E-4
513.934,1.92625E-4
515.214,1.61256E-4
516.651,1.37445E-4
518.413,1.19171E-4
520.029,1.08858E-4
521.292,1.04378E-4
523.097,1.02859E-4
524.62,1.06014E-4
526.143,1.14476E-4
527.686,1.3077E-4
528.883,1.52703E-4
529.837,1.79925E-4
530.654,2.14899E-4
531.335,2.57671E-4
531.97,3.16178E-4
532.485,3.8495E-4
532.908,4.65035E-4
533.302,5.6987E-4
533.619,6.88127E-4
533.937,8.54099E-4
534.202,0.00105018
534.429,0.00128503
534.622,0.00156113
534.807,0.0019326
534.966,0.00238838
535.091,0.00290076
535.195,0.00351179
535.278,0.00420921
535.35,0.0050581
535.414,0.0061104
535.478,0.00758353
535.536,0.00947268
535.592,0.0119372
535.647,0.0152474
535.698,0.0193004
535.751,0.0247597
535.805,0.0319015
535.861,0.0416107
535.927,0.0561496
536.001,0.0767488
536.092,0.10884
536.241,0.173663
536.394,0.238773
536.503,0.270045
536.6,0.279669
536.7,0.269347
536.794,0.242952
536.939,0.182437
537.099,0.112312
537.19,0.0795753
537.26,0.0593814
537.323,0.044684
537.385,0.033605
537.439,0.025971
537.493,0.0200806
537.548,0.0156088
537.599,0.012459
537.652,0.00997596
537.712,0.00789828
537.773,0.00640709
537.839,0.00524153
537.905,0.00440517
537.981,0.00371331
538.075,0.00309728
538.192,0.00256109
538.325,0.00213126
538.484,0.00176038
538.688,0.00142371
538.915,0.00116256
539.142,9.75626E-4
539.407,8.1777E-4
539.724,6.83894E-4
540.095,5.76689E-4
540.519,4.95279E-4
541.048,4.32684E-4
541.684,3.94758E-4
542.168,3.86017E-4
542.661,3.9287E-4
543.277,4.24447E-4
543.769,4.72494E-4
544.263,5.49453E-4
544.696,6.52442E-4
545.068,7.81616E-4
545.39,9.41633E-4
545.693,0.00115704
545.947,0.00141355
546.164,0.00171968
546.368,0.00212548
546.541,0.00261459
546.69,0.00321355
546.801,0.00385339
546.888,0.00454861
546.975,0.00554156
547.051,0.00681999
547.116,0.00840803
547.17,0.0102534
547.224,0.0127743
547.278,0.0162224
547.328,0.0204582
547.377,0.0260355
547.427,0.0333016
547.483,0.0439756
547.542,0.0589511
547.6,0.0777061
547.669,0.105925
547.741,0.143134
547.843,0.207227
548.087,0.379025
548.196,0.431533
548.3,0.449433
548.394,0.434584
548.498,0.387545
548.663,0.274658
548.81,0.171877
548.899,0.1211
548.97,0.08902
549.031,0.0669305
549.093,0.0497056
549.148,0.0376882
549.204,0.0285469
549.254,0.022379
549.306,0.0174227
549.36,0.0136497
549.415,0.0108881
549.469,0.00886732
549.531,0.00720207
549.603,0.0058386
549.687,0.0047713
549.78,0.00395788
549.891,0.00327717
550.031,0.0026803
550.198,0.00217555
550.374,0.00179248
550.591,0.00145249
550.851,0.0011636
551.148,9.32018E-4
551.483,7.49136E-4
551.873,5.99792E-4
552.263,4.93439E-4
552.746,3.99181E-4
553.31,3.22319E-4
553.867,2.68225E-4
554.604,2.17556E-4
555.408,1.79155E-4
556.271,1.50266E-4
557.306,1.25768E-4
558.612,1.0488E-4
560.047,8.96696E-5
561.934,7.69687E-5
563.902,6.93801E-5
565.871,6.63701E-5
566.527,6.63076E-5
567.906,6.8198E-5
569.284,7.40816E-5
570.318,8.32429E-5
571.007,9.32456E-5
571.697,1.09137E-4
572.256,1.2936E-4
572.685,1.52652E-4
573.043,1.80625E-4
573.368,2.17027E-4
573.641,2.60625E-4
573.869,3.11479E-4
574.09,3.81222E-4
574.266,4.59827E-4
574.406,5.47196E-4
574.519,6.46853E-4
574.61,7.60174E-4
574.69,9.0383E-4
574.755,0.00107409
574.812,0.0012862
574.869,0.00158872
574.918,0.00195327
574.967,0.00245555
575.014,0.00312019
575.059,0.00398523
575.105,0.00513675
575.15,0.00665433
575.196,0.0086307
575.244,0.0113239
575.295,0.0150378
575.352,0.0203733
575.412,0.0276182
575.476,0.0372388
575.554,0.0519841
575.658,0.0760968
575.868,0.129705
575.983,0.150848
576.085,0.15875
576.1,0.158874
576.198,0.15321
576.295,0.137471
576.454,0.0989521
576.607,0.0604445
576.694,0.0426656
576.76,0.0315385
576.824,0.0230962
576.882,0.0170107
576.936,0.0126917
576.987,0.00951882
577.031,0.00741284
577.075,0.00577123
577.119,0.00450659
577.165,0.00349599
577.206,0.00282436
577.255,0.00222079
577.303,0.00178253
577.352,0.00146395
577.412,0.00118593
577.481,9.71812E-4
577.56,8.05056E-4
577.651,6.77021E-4
577.765,5.6748E-4
577.928,4.60988E-4
578.123,3.73998E-4
578.331,3.09063E-4
578.559,2.5814E-4
578.832,2.14444E-4
579.157,1.77906E-4
579.515,1.49765E-4
579.944,1.2625E-4
580.519,1.05296E-4
581.12,9.10221E-5
581.841,7.95499E-5
582.723,7.06647E-5
584.005,6.35244E-5
585.305,6.04173E-5
585.964,5.99964E-5
587.32,6.13995E-5
588.675,6.66055E-5
589.685,7.45477E-5
590.527,8.59797E-5
591.116,9.90556E-5
591.644,1.17246E-4
592.056,1.39017E-4
592.4,1.66065E-4
592.675,1.97649E-4
592.923,2.38885E-4
593.129,2.89063E-4
593.294,3.47658E-4
593.432,4.209E-4
593.528,4.98845E-4
593.611,5.99733E-4
593.673,7.11155E-4
593.735,8.7213E-4
593.786,0.00106297
593.838,0.00132827
593.884,0.00165475
593.934,0.00213053
593.982,0.00275204
594.03,0.00358025
594.078,0.00467021
594.126,0.00605581
594.18,0.00810962
594.234,0.0107558
594.294,0.0145021
594.364,0.0200184
594.441,0.0277005
594.546,0.0404632
594.774,0.0709838
594.884,0.0814165
594.99,0.0854544
595.0,0.0854838
595.103,0.082202
595.206,0.0731316
595.374,0.0513125
595.516,0.0326273
595.602,0.0232341
595.671,0.0171422
595.736,0.0125366
595.796,0.00923274
595.85,0.00693135
595.898,0.00536467
595.949,0.00404591
595.992,0.0032021
596.035,0.00254552
596.078,0.0020394
596.121,0.00165227
596.167,0.0013376
596.216,0.00109694
596.264,9.20502E-4
596.324,7.63754E-4
596.396,6.37704E-4
596.468,5.53715E-4
596.565,4.7954E-4
596.685,4.20022E-4
596.829,3.74337E-4
597.022,3.37891E-4
597.215,3.19658E-4
597.366,3.15264E-4
597.605,3.24762E-4
597.844,3.57123E-4
598.024,4.03118E-4
598.173,4.67812E-4
598.278,5.43571E-4
598.357,6.3647E-4
598.415,7.38738E-4
598.473,8.8923E-4
598.525,0.00108785
598.571,0.00133826
598.617,0.00168683
598.657,0.00210099
598.7,0.00267972
598.738,0.00337134
598.777,0.00426215
598.815,0.0053995
598.861,0.00716669
598.907,0.00947359
598.955,0.0125767
599.007,0.0168889
599.065,0.0230554
599.123,0.0308693
599.19,0.0422525
599.277,0.0604929
599.408,0.0941353
599.565,0.135784
599.683,0.158657
599.786,0.166832
599.8,0.166945
599.895,0.161334
599.991,0.14567
600.127,0.111995
600.303,0.0652149
600.39,0.0461059
600.464,0.0329149
600.526,0.0240958
600.581,0.0179828
600.633,0.0134284
600.679,0.0102506
600.725,0.00776383
600.771,0.00584893
600.815,0.00447572
600.858,0.00342913
600.901,0.00264026
600.945,0.00205132
600.988,0.00161502
601.031,0.00129351
601.075,0.00105489
601.125,8.58928E-4
601.181,7.06034E-4
601.244,5.90824E-4
601.319,4.98767E-4
601.406,4.27398E-4
601.529,3.60623E-4
601.693,3.01234E-4
601.889,2.52201E-4
602.133,2.10173E-4
602.43,1.75441E-4
602.787,1.47548E-4
603.171,1.27471E-4
603.7,1.09795E-4
604.229,9.92463E-5
605.023,9.12665E-5
605.608,8.9667E-5
606.242,9.2198E-5
606.876,1.00003E-4
607.352,1.11064E-4
607.748,1.25781E-4
608.144,1.4912E-4
608.425,1.74676E-4
608.659,2.05676E-4
608.846,2.40851E-4
609.012,2.85028E-4
609.132,3.30275E-4
609.236,3.88104E-4
609.31,4.49281E-4
609.379,5.33015E-4
609.437,6.35255E-4
609.485,7.55489E-4
609.533,9.22217E-4
609.581,0.00115465
609.624,0.00144128
609.667,0.0018266
609.706,0.00229102
609.751,0.00298592
609.796,0.0039079
609.84,0.00511674
609.885,0.00668091
609.931,0.00872977
609.984,0.0117958
610.037,0.015728
610.093,0.0209827
610.162,0.0289774
610.243,0.041081
610.353,0.0610349
610.568,0.103769
610.684,0.120167
610.79,0.126135
610.8,0.126181
610.895,0.122036
610.997,0.109383
611.155,0.0795713
611.311,0.0489105
611.396,0.0349042
611.468,0.0252368
611.532,0.018452
611.591,0.0135676
611.643,0.0101665
611.694,0.00757722
611.739,0.00581776
611.783,0.00444841
611.826,0.00344087
611.868,0.00266642
611.911,0.00207713
611.949,0.00167157
611.992,0.00132874
612.034,0.00107302
612.077,8.82679E-4
612.126,7.22922E-4
612.179,5.9992E-4
612.243,4.98521E-4
612.307,4.29088E-4
612.392,3.65774E-4
612.494,3.14231E-4
612.643,2.63051E-4
612.822,2.20747E-4
613.051,1.83069E-4
613.331,1.51772E-4
613.658,1.27194E-4
614.012,1.09097E-4
614.454,9.36555E-5
615.073,7.96756E-5
615.881,6.87034E-5
616.69,6.20825E-5
617.903,5.61592E-5
619.924,5.12869E-5
623.158,4.86705E-5
624.775,4.84491E-5
629.532,5.03396E-5
632.2,5.37122E-5
633.769,5.81763E-5
634.79,6.40628E-5
635.496,7.20191E-5
635.967,8.15371E-5
636.32,9.34996E-5
636.562,1.06524E-4
636.768,1.24357E-4
636.892,1.42199E-4
636.975,1.61134E-4
637.037,1.82439E-4
637.099,2.14085E-4
637.148,2.50998E-4
637.198,3.03317E-4
637.247,3.77745E-4
637.291,4.68131E-4
637.334,5.90426E-4
637.378,7.54761E-4
637.421,9.7365E-4
637.464,0.00126222
637.51,0.00166288
637.555,0.00216971
637.599,0.00281721
637.651,0.00378638
637.703,0.0050276
637.763,0.00683282
637.822,0.00909968
637.9,0.0128004
637.999,0.018694
638.262,0.036896
638.384,0.0429395
638.491,0.0450193
638.5,0.0450315
638.606,0.0432822
638.712,0.0384487
638.88,0.0270784
639.029,0.0168901
639.118,0.0118517
639.187,0.0086857
639.254,0.00628757
639.313,0.00460391
639.366,0.00343872
639.414,0.00261307
639.463,0.00195183
639.508,0.00149493
639.553,0.00114405
639.597,8.78005E-4
639.642,6.78615E-4
639.687,5.30708E-4
639.733,4.185E-4
639.774,3.44905E-4
639.824,2.80847E-4
639.873,2.35778E-4
639.931,1.99533E-4
639.997,1.72034E-4
640.08,1.50003E-4
640.179,1.33271E-4
640.333,1.17002E-4
640.553,1.02514E-4
640.861,8.99414E-5
641.3,7.95019E-5
641.652,7.4426E-5
642.469,6.78816E-5
643.286,6.48771E-5
645.284,6.27998E-5
645.647,6.27888E-5
649.279,6.51492E-5
654.906,7.3718E-5
658.307,8.30804E-5
660.348,9.32063E-5
661.368,1.02329E-4
662.048,1.12582E-4
662.559,1.25331E-4
662.984,1.43703E-4
663.208,1.60275E-4
663.37,1.80974E-4
663.463,2.0158E-4
663.545,2.31367E-4
663.614,2.73059E-4
663.672,3.26874E-4
663.724,3.98052E-4
663.771,4.8718E-4
663.817,6.08504E-4
663.86,7.62373E-4
663.904,9.66105E-4
663.947,0.00123314
663.996,0.00162893
664.044,0.0021507
664.093,0.00282739
664.147,0.00379879
664.207,0.00518403
664.27,0.00705547
664.339,0.00968803
664.418,0.0134019
664.53,0.0198249
664.765,0.0346763
664.881,0.0398633
664.991,0.0418008
665.0,0.041813
665.102,0.0403738
665.21,0.0359821
665.371,0.0262303
665.535,0.0159382
665.626,0.01125
665.703,0.00806221
665.765,0.0059915
665.821,0.00452723
665.876,0.00339068
665.927,0.00256949
665.978,0.00193794
666.021,0.00153137
666.063,0.00121387
666.106,9.68898E-4
666.148,7.82058E-4
666.191,6.41093E-4
666.242,5.18288E-4
666.293,4.32911E-4
666.353,3.66489E-4
666.417,3.21263E-4
666.51,2.86145E-4
666.634,2.67011E-4
666.76,2.62382E-4
666.937,2.67956E-4
667.139,2.8639E-4
667.341,3.19054E-4
667.508,3.62491E-4
667.639,4.1723E-4
667.738,4.83461E-4
667.82,5.71856E-4
667.886,6.81566E-4
667.943,8.23888E-4
667.998,0.00101802
668.047,0.00126712
668.096,0.00161248
668.141,0.00203376
668.185,0.00259197
668.229,0.00332502
668.279,0.00439942
668.33,0.00587082
668.376,0.00758862
668.429,0.0101572
668.483,0.0134443
668.545,0.0183183
668.611,0.0248167
668.693,0.0350379
668.796,0.0509559
669.062,0.0978485
669.178,0.112528
669.289,0.118178
669.3,0.11822
669.398,0.114463
669.503,0.102965
669.666,0.0756899
669.835,0.0458529
669.931,0.0317754
670.004,0.0231574
670.07,0.0170047
670.13,0.0125671
670.187,0.00930268
670.241,0.00693165
670.287,0.00535448
670.333,0.00412391
670.379,0.0031763
670.423,0.00248527
670.471,0.00191267
670.519,0.0014915
670.567,0.00118407
670.615,9.60706E-4
670.664,7.98581E-4
670.724,6.56289E-4
670.791,5.50556E-4
670.865,4.72519E-4
670.958,4.08718E-4
671.07,3.58326E-4
671.256,3.04001E-4
671.497,2.59194E-4
671.799,2.23348E-4
672.144,1.97302E-4
672.575,1.76862E-4
673.281,1.58263E-4
674.173,1.47764E-4
675.598,1.43599E-4
677.692,1.49826E-4
680.023,1.67938E-4
682.065,1.94528E-4
683.698,2.28403E-4
684.923,2.65599E-4
686.066,3.18906E-4
686.883,3.75189E-4
687.714,4.59342E-4
688.337,5.50816E-4
688.871,6.6336E-4
689.346,8.06553E-4
689.731,9.70402E-4
690.084,0.00118023
690.422,0.00146603
690.711,0.00181961
690.952,0.00224045
691.144,0.00271189
691.321,0.00332001
691.466,0.00404128
691.562,0.00472974
691.658,0.00572649
691.739,0.00697014
691.809,0.00857783
691.869,0.0105586
691.919,0.0128262
691.969,0.0158672
692.02,0.019941
692.068,0.0251256
692.116,0.0319139
692.164,0.0407224
692.212,0.0520295
692.267,0.0684005
692.327,0.0920755
692.387,0.122607
692.449,0.162435
692.519,0.21853
692.606,0.304076
692.733,0.45918
692.949,0.742735
693.076,0.861374
693.19,0.903224
693.2,0.903474
693.303,0.873943
693.399,0.797832
693.54,0.629052
693.746,0.359
693.842,0.253939
693.923,0.183346
693.993,0.134477
694.057,0.0995262
694.117,0.0741504
694.172,0.0564977
694.223,0.0435719
694.277,0.0331152
694.322,0.026444
694.367,0.0212523
694.422,0.0165538
694.476,0.0131237
694.535,0.0104305
694.595,0.00849017
694.665,0.00691347
694.746,0.0056918
694.83,0.00481321
694.951,0.00396104
695.095,0.00327118
695.264,0.00270756
695.481,0.00219709
695.733,0.00178223
696.031,0.0014442
696.344,0.00119492
696.741,9.75158E-4
697.151,8.18661E-4
697.56,7.06831E-4
698.117,6.0057E-4
698.816,5.13005E-4
699.656,4.46892E-4
700.646,4.01498E-4
701.356,3.8329E-4
702.777,3.70421E-4
704.198,3.83609E-4
705.263,4.13067E-4
706.104,4.54271E-4
706.833,5.11125E-4
707.441,5.8447E-4
708.011,6.91396E-4
708.46,8.21789E-4
708.805,9.71184E-4
709.133,0.00118046
709.366,0.00139822
709.572,0.00166918
709.735,0.0019725
709.866,0.0023093
709.997,0.00279201
710.107,0.00339672
710.184,0.00400538
710.261,0.00485314
710.338,0.00605723
710.408,0.00760034
710.472,0.00951663
710.536,0.0121125
710.603,0.01571
710.669,0.0204696
710.736,0.0266807
710.815,0.036109
710.901,0.0494108
711.004,0.0695033
711.163,0.107605
711.346,0.152279
711.473,0.174245
711.59,0.182215
711.6,0.182268
711.708,0.176347
711.839,0.155335
712.049,0.104664
712.204,0.0678505
712.299,0.0493908
712.378,0.0371365
712.456,0.0274853
712.523,0.021117
712.586,0.0164102
712.65,0.0127965
712.714,0.0100634
712.778,0.00800621
712.843,0.00645249
712.918,0.00517288
712.983,0.00436327
713.063,0.00364774
713.161,0.00303088
713.273,0.00254695
713.413,0.00213191
713.595,0.00176595
713.806,0.00147861
714.058,0.00124267
714.367,0.0010484
714.74,8.93336E-4
715.189,7.739E-4
715.75,6.82061E-4
716.161,6.38829E-4
716.983,5.87881E-4
718.217,5.60062E-4
718.628,5.58558E-4
720.049,5.72576E-4
722.171,6.35128E-4
723.926,7.25239E-4
725.269,8.34727E-4
725.89,9.21962E-4
726.076,9.8009E-4
726.2,0.00106209
726.293,0.00118015
726.372,0.00135014
726.435,0.00155993
726.498,0.00186487
726.562,0.00229998
726.625,0.0029074
726.688,0.003735
726.751,0.00483339
726.822,0.00645301
726.901,0.00879308
726.988,0.0120606
727.1,0.0172541
727.347,0.0299859
727.469,0.0345004
727.586,0.0363327
727.6,0.0363552
727.716,0.0349168
727.827,0.0311464
728.018,0.0216305
728.174,0.0138609
728.269,0.010028
728.344,0.00759972
728.415,0.00578927
728.486,0.00441127
728.545,0.00354724
728.604,0.0028975
728.664,0.00242116
728.724,0.00207364
728.791,0.00181518
728.871,0.00162413
728.977,0.00149532
729.137,0.00143616
729.19,0.00143349
729.563,0.00148711
730.328,0.00171043
731.092,0.00204634
731.761,0.00247694
732.319,0.00299324
732.797,0.00362278
733.211,0.00439584
733.601,0.00543979
733.928,0.00669904
734.207,0.00823177
734.438,0.0100209
734.629,0.0120761
734.788,0.0144324
734.94,0.0175909
735.059,0.0212029
735.155,0.0253465
735.238,0.0304967
735.316,0.0372921
735.388,0.0461674
735.45,0.0568864
735.513,0.0714187
735.576,0.0910572
735.639,0.117383
735.701,0.152245
735.767,0.200153
735.836,0.2653
735.907,0.35243
735.99,0.480238
736.087,0.666563
736.228,1.00197
736.445,1.5374
736.579,1.76623
736.7,1.8392
736.818,1.76942
736.945,1.55685
737.184,0.968959
737.323,0.645939
737.42,0.462454
737.497,0.347039
737.573,0.256166
737.643,0.192089
737.707,0.147392
737.767,0.114801
737.831,0.0888511
737.895,0.0695994
737.959,0.0554284
738.024,0.0447492
738.094,0.0365606
738.174,0.0299283
738.253,0.025231
738.349,0.0212177
738.46,0.0179083
738.6,0.0149851
738.779,0.0123547
738.978,0.0102972
739.217,0.00854936
739.488,0.00715689
739.823,0.0059686
740.157,0.00514826
740.603,0.0044083
741.161,0.00383078
741.83,0.00343743
742.61,0.00322539
743.168,0.00318308
744.283,0.00329594
745.397,0.00363666
746.42,0.00416608
747.4,0.00492676
748.24,0.0058704
749.08,0.00723098
749.78,0.00886783
750.4,0.010947
750.89,0.0132647
751.34,0.0162304
751.76,0.0201577
752.1,0.0246562
752.42,0.0306487
752.7,0.0381939
752.91,0.0461679
753.09,0.0555727
753.255,0.0676372
753.38,0.0804932
753.505,0.0989964
753.599,0.11918
753.674,0.141596
753.749,0.172365
753.824,0.215213
753.892,0.268872
753.963,0.34558
754.033,0.447957
754.099,0.575573
754.169,0.754507
754.247,1.01406
754.325,1.34792
754.414,1.82739
754.524,2.56065
754.836,4.98033
754.964,5.69134
755.089,5.97147
755.1,5.97337
755.216,5.76569
755.324,5.23788
755.504,3.91215
755.696,2.41774
755.806,1.71269
755.896,1.25364
755.968,0.962765
756.045,0.719831
756.113,0.55575
756.181,0.430718
756.249,0.33698
756.312,0.271513
756.388,0.214882
756.463,0.17459
756.55,0.141797
756.625,0.121936
756.72,0.103902
756.84,0.0882784
756.98,0.076005
757.18,0.0647112
757.415,0.0568148
757.64,0.0526546
757.94,0.0507466
758.184,0.0517617
758.489,0.0563247
758.732,0.0632174
758.983,0.0746537
759.187,0.0890754
759.357,0.107173
759.483,0.126997
759.578,0.148477
759.673,0.179533
759.757,0.219623
759.828,0.269109
759.891,0.329768
759.951,0.407702
760.01,0.512585
760.07,0.652964
760.132,0.851382
760.194,1.10695
760.255,1.43859
760.323,1.91423
760.391,2.52089
760.472,3.442
760.572,4.86869
760.716,7.40709
760.936,11.5431
761.069,13.3206
761.189,13.9501
761.2,13.9544
761.32,13.4154
761.445,11.8433
761.662,7.81715
761.809,5.15861
761.911,3.64786
761.997,2.64138
762.07,1.96535
762.138,1.47761
762.2,1.13661
762.261,0.873186
762.322,0.67298
762.381,0.52645
762.441,0.416745
762.5,0.335087
762.56,0.274397
762.631,0.22155
762.713,0.179458
762.805,0.147051
762.917,0.120267
763.039,0.100212
763.192,0.0825789
763.376,0.0675854
763.58,0.0555941
763.818,0.0454472
764.083,0.0372436
764.41,0.0299933
764.756,0.0244801
765.185,0.0196212
765.62,0.016084
766.164,0.012912
766.749,0.0104922
767.402,0.00855264
768.163,0.00693606
769.06,0.00559303
770.012,0.00459771
771.207,0.00371699
772.511,0.00305981
773.597,0.00268238
775.018,0.00234271
776.496,0.00213548
777.975,0.00206132
779.227,0.00210484
780.479,0.00228302
781.313,0.00251716
782.065,0.00284267
782.817,0.00334218
783.464,0.00399618
783.976,0.00474759
784.488,0.00583264
784.906,0.00711557
785.272,0.00870988
785.575,0.0105566
785.867,0.0130591
786.118,0.0161048
786.337,0.0198871
786.52,0.024383
786.651,0.0288977
786.755,0.0338859
786.86,0.0410245
786.943,0.049384
787.016,0.0598698
787.079,0.0724405
787.142,0.0898145
787.205,0.113953
787.262,0.144232
787.317,0.182809
787.372,0.233572
787.427,0.299694
787.489,0.398688
787.549,0.52219
787.615,0.694455
787.686,0.936996
787.765,1.27221
787.863,1.79901
787.994,2.67204
788.233,4.37477
788.366,5.05761
788.486,5.30541
788.5,5.30823
788.613,5.12723
788.726,4.62272
788.893,3.49886
789.093,2.0701
789.2,1.44731
789.284,1.05607
789.355,0.788603
789.421,0.596205
789.486,0.446171
789.545,0.341878
789.6,0.266312
789.654,0.207917
789.709,0.163298
789.764,0.129515
789.819,0.104097
789.878,0.0838683
789.937,0.0689903
790.007,0.0561407
790.089,0.0457836
790.185,0.0376329
790.28,0.0320273
790.416,0.0264363
790.579,0.0217984
790.79,0.0176285
791.011,0.0145705
791.287,0.011911
791.562,0.0101328
791.746,0.00936196
791.93,0.00900741
792.054,0.00915124
792.178,0.00983504
792.287,0.0111595
792.38,0.0130831
792.474,0.0159976
792.566,0.0200795
792.667,0.0261745
792.781,0.035124
792.983,0.0549194
793.165,0.0720662
793.304,0.080267
793.396,0.0819134
793.518,0.0790396
793.643,0.0707475
793.856,0.0495927
794.032,0.0321228
794.135,0.02384
794.223,0.0181645
794.312,0.013768
794.385,0.0109727
794.459,0.00884067
794.532,0.00724581
794.62,0.00587517
794.708,0.00493306
794.815,0.00417491
794.953,0.00356369
795.137,0.00307696
795.366,0.0026983
795.752,0.00228838
796.193,0.00197358
796.818,0.00166292
797.553,0.00140619
798.601,0.00115132
799.759,9.55686E-4
801.119,7.93209E-4
802.589,6.67089E-4
804.457,5.52188E-4
806.753,4.53664E-4
809.581,3.70114E-4
812.409,3.10896E-4
815.236,2.69248E-4
818.064,2.41297E-4
819.949,2.35403E-4
821.032,2.44386E-4
821.574,2.58166E-4
821.934,2.75247E-4
822.295,3.05124E-4
822.521,3.37974E-4
822.656,3.71213E-4
822.769,4.18231E-4
822.854,4.78075E-4
822.923,5.5543E-4
822.984,6.57377E-4
823.045,8.08066E-4
823.097,9.93283E-4
823.149,0.00125077
823.201,0.00160599
823.244,0.00199975
823.287,0.00250638
823.339,0.00330117
823.391,0.00435083
823.443,0.00571696
823.495,0.00746784
823.556,0.0100939
823.616,0.0134587
823.687,0.0184707
823.763,0.0252356
823.857,0.0358292
823.983,0.0532252
824.229,0.0902399
824.364,0.104867
824.485,0.110246
824.5,0.110313
824.616,0.106305
824.739,0.0942457
824.928,0.0667316
825.097,0.0417177
825.193,0.0298617
825.27,0.0220723
825.342,0.0162494
825.402,0.0123158
825.463,0.00919508
825.515,0.00708327
825.572,0.00528129
825.625,0.00397881
825.672,0.00309898
825.719,0.00241584
825.766,0.00189117
825.813,0.00149222
825.86,0.00119155
825.906,9.66654E-4
825.96,7.79327E-4
826.018,6.38032E-4
826.079,5.34687E-4
826.156,4.50709E-4
826.233,3.97466E-4
826.326,3.56474E-4
826.48,3.1538E-4
826.727,2.77515E-4
827.076,2.45534E-4
827.588,2.18238E-4
828.407,1.95151E-4
829.431,1.8105E-4
830.689,1.74253E-4
831.127,1.73895E-4
832.308,1.78979E-4
833.095,1.89335E-4
833.882,2.10632E-4
834.428,2.38262E-4
834.809,2.69533E-4
835.114,3.07195E-4
835.418,3.64724E-4
835.64,4.2929E-4
835.785,4.91891E-4
835.912,5.73112E-4
836.021,6.81473E-4
836.1,8.0284E-4
836.177,9.74839E-4
836.24,0.001183
836.303,0.00147842
836.361,0.00184929
836.418,0.00235629
836.475,0.00304439
836.527,0.00386892
836.581,0.00499896
836.635,0.00646122
836.69,0.00832656
836.753,0.0111122
836.822,0.01501
836.898,0.0205306
836.984,0.0283567
837.092,0.0408655
837.282,0.0674432
837.456,0.0910225
837.59,0.102986
837.7,0.106306
837.818,0.102514
837.938,0.0916406
838.123,0.0666473
838.306,0.0410618
838.407,0.0292724
838.494,0.0211151
838.571,0.0154718
838.636,0.0116599
838.701,0.0086798
838.759,0.00662684
838.819,0.00499728
838.873,0.00386664
838.928,0.00300364
838.977,0.00240927
839.031,0.00190747
839.086,0.00153438
839.14,0.00125803
839.194,0.00105339
839.267,8.59569E-4
839.34,7.26811E-4
839.427,6.18074E-4
839.528,5.32664E-4
839.662,4.56993E-4
839.851,3.86425E-4
840.087,3.27364E-4
840.37,2.79314E-4
840.718,2.39511E-4
841.153,2.06744E-4
841.763,1.78026E-4
842.418,1.59088E-4
843.51,1.40706E-4
844.821,1.29548E-4
846.016,1.25107E-4
846.774,1.24387E-4
848.416,1.28773E-4
849.648,1.39455E-4
850.62,1.55996E-4
851.462,1.81058E-4
852.024,2.07475E-4
852.518,2.4245E-4
852.946,2.87606E-4
853.303,3.42779E-4
853.617,4.13323E-4
853.874,4.96361E-4
854.088,5.9451E-4
854.274,7.16708E-4
854.416,8.55233E-4
854.53,0.00102163
854.609,0.00118877
854.684,0.00141603
854.748,0.0016923
854.812,0.0020812
854.866,0.00252756
854.919,0.00312693
854.975,0.00396131
855.028,0.00504311
855.082,0.00647496
855.135,0.00835179
855.189,0.0107841
855.244,0.0140132
855.308,0.0188716
855.372,0.0251508
855.444,0.0340727
855.519,0.0459128
855.604,0.0627354
855.722,0.0913002
856.039,0.179385
856.166,0.204007
856.293,0.213597
856.3,0.213625
856.42,0.205856
856.54,0.184283
856.734,0.131965
856.915,0.0815352
857.024,0.0567032
857.11,0.0410745
857.185,0.0302369
857.249,0.0228873
857.313,0.0171122
857.369,0.0131652
857.426,0.0100823
857.477,0.00787591
857.531,0.00611121
857.584,0.00476767
857.638,0.00375411
857.691,0.00299485
857.752,0.00236484
857.814,0.00190223
857.877,0.00157238
857.952,0.00129521
858.027,0.00110278
858.127,9.2639E-4
858.234,7.96537E-4
858.376,6.74974E-4
858.555,5.67825E-4
858.797,4.65947E-4
859.047,3.92265E-4
859.347,3.29359E-4
859.732,2.7367E-4
860.203,2.28698E-4
860.752,1.95294E-4
861.346,1.7351E-4
861.94,1.62404E-4
862.336,1.60707E-4
862.838,1.67213E-4
863.173,1.80604E-4
863.424,2.01273E-4
863.55,2.20155E-4
863.655,2.46305E-4
863.745,2.83799E-4
863.814,3.29206E-4
863.874,3.87846E-4
863.935,4.72694E-4
863.987,5.74887E-4
864.039,7.14295E-4
864.09,9.03104E-4
864.142,0.00115649
864.194,0.00149289
864.247,0.00194402
864.302,0.00255659
864.357,0.00334909
864.412,0.00435766
864.476,0.00585673
864.546,0.00795958
864.619,0.0107298
864.705,0.0147508
864.818,0.0213714
865.14,0.0429093
865.276,0.0491582
865.4,0.0511412
865.516,0.0493924
865.631,0.044514
865.807,0.0333036
866.002,0.0200731
866.108,0.0141079
866.193,0.0102123
866.266,0.00754563
866.333,0.00560943
866.397,0.0041634
866.452,0.00319322
866.507,0.00243265
866.562,0.00184597
866.614,0.00142188
866.664,0.00110994
866.714,8.72423E-4
866.763,6.93274E-4
866.813,5.5924E-4
866.87,4.47607E-4
866.927,3.68392E-4
866.984,3.12191E-4
867.055,2.6399E-4
867.141,2.26688E-4
867.255,1.96435E-4
867.368,1.77566E-4
867.596,1.54377E-4
867.938,1.34116E-4
868.431,1.1767E-4
868.925,1.08441E-4
869.583,1.01683E-4
870.57,9.84698E-5
871.724,1.0239E-4
872.493,1.10026E-4
873.262,1.23946E-4
873.825,1.4066E-4
874.361,1.65385E-4
874.807,1.9726E-4
875.169,2.36109E-4
875.453,2.80129E-4
875.689,3.31733E-4
875.926,4.05988E-4
876.083,4.77161E-4
876.209,5.56626E-4
876.32,6.55401E-4
876.414,7.78047E-4
876.493,9.24842E-4
876.572,0.0011361
876.637,0.00138603
876.703,0.00173323
876.765,0.00218253
876.82,0.00271898
876.875,0.00342047
876.93,0.00433018
876.994,0.00572132
877.056,0.00746757
877.122,0.00986277
877.194,0.0132544
877.27,0.0178151
877.354,0.0241281
877.459,0.033916
877.635,0.0538639
877.831,0.0763638
877.966,0.0871521
878.094,0.0910699
878.1,0.091077
878.224,0.0877072
878.348,0.0783681
878.55,0.0557237
878.73,0.0349759
878.835,0.0249983
878.919,0.018521
878.999,0.0136027
879.072,0.0101362
879.137,0.00768174
879.198,0.00592185
879.261,0.00450738
879.324,0.00344115
879.387,0.00264831
879.45,0.00206501
879.509,0.00166176
879.568,0.0013621
879.639,0.0011017
879.71,9.1718E-4
879.796,7.59684E-4
879.891,6.41672E-4
880.001,5.46023E-4
880.159,4.5271E-4
880.327,3.83629E-4
880.537,3.21857E-4
880.789,2.69319E-4
881.083,2.2628E-4
881.461,1.88532E-4
881.839,1.6304E-4
882.354,1.40632E-4
882.938,1.26726E-4
883.521,1.22955E-4
883.906,1.27369E-4
884.164,1.35279E-4
884.421,1.5099E-4
884.584,1.706E-4
884.69,1.92854E-4
884.779,2.2282E-4
884.85,2.59435E-4
884.92,3.13668E-4
884.982,3.82346E-4
885.044,4.7915E-4
885.097,5.92388E-4
885.154,7.55311E-4
885.21,9.69464E-4
885.266,0.00125079
885.328,0.00165681
885.39,0.00218643
885.458,0.00293331
885.532,0.00400076
885.616,0.00553208
885.709,0.00768498
885.834,0.011263
886.122,0.0204848
886.266,0.0237299
886.394,0.0248035
886.4,0.0248057
886.516,0.0239885
886.636,0.0215753
886.824,0.0158661
887.017,0.00969697
887.129,0.00672479
887.219,0.00484223
887.298,0.00352071
887.37,0.00258755
887.434,0.00195223
887.496,0.00147299
887.552,0.00113707
887.608,8.78677E-4
887.664,6.82575E-4
887.721,5.35506E-4
887.777,4.2629E-4
887.832,3.4676E-4
887.894,2.82411E-4
887.965,2.31256E-4
888.036,1.96308E-4
888.124,1.67125E-4
888.212,1.47754E-4
888.354,1.27733E-4
888.556,1.10119E-4
888.826,9.52545E-5
889.164,8.31703E-5
889.659,7.19747E-5
890.334,6.27975E-5
891.235,5.55776E-5
892.586,4.92362E-5
894.513,4.40382E-5
897.96,3.89492E-5
902.894,3.52304E-5
906.854,3.41157E-5
909.824,3.46626E-5
911.803,3.62805E-5
913.783,3.99078E-5
915.137,4.45954E-5
916.228,5.10713E-5
917.138,5.98526E-5
917.858,7.08113E-5
918.468,8.50182E-5
918.904,9.98227E-5
919.311,1.1939E-4
919.66,1.43214E-4
919.951,1.70975E-4
920.242,2.10357E-4
920.474,2.55602E-4
920.658,3.0616E-4
920.804,3.62257E-4
920.92,4.25652E-4
921.022,5.05233E-4
921.107,6.00825E-4
921.179,7.16721E-4
921.252,8.80433E-4
921.312,0.00106973
921.373,0.00132635
921.434,0.00167416
921.491,0.00211134
921.55,0.00271515
921.609,0.00351175
921.669,0.00455014
921.728,0.00588514
921.797,0.00788928
921.87,0.0106208
921.95,0.0144777
922.034,0.019645
922.141,0.0277501
922.292,0.0418338
922.54,0.0662949
922.684,0.0765511
922.822,0.0809635
922.856,0.0811089
922.987,0.0783467
923.0,0.0778209
923.0,0.0157347
1000.0,0.0151273
1195.53,0.0140191
1250.0,0.0137104
1494.41,0.0128254
1500.0,0.0128051
1750.0,0.0122017
2000.0,0.0117915
2391.06,0.0114267
2500.0,0.0113251
2988.82,0.0111414
3000.0,0.0111372
3250.0,0.0111072
3885.47,0.0111647
4000.0,0.0111751
4782.12,0.0109638
5000.0,0.010905
5977.65,0.0108466
6000.0,0.0108452
6250.0,0.0108414
7000.0,0.0108607
8000.0,0.0109519
9000.0,0.0110774
10000.0,0.0112231
11955.3,0.0113292
12500.0,0.0113588
14944.1,0.0115444
15000.0,0.0115487
17932.9,0.0118022
20000.0,0.0119809
23910.6,0.0121146
25000.0,0.0121518
29888.2,0.0123629
30000.0,0.0123678
35865.9,0.0124794
40000.0,0.0125581
42362.8,0.012549
44725.6,0.0125513
44725.6,0.0130541
50000.0,0.0138095
60951.7,0.0116358
70000.0,0.0103106
95227.6,0.0164116
100000.0,0.0176497
150000.0,0.0229804
196098.0,0.0356905
244707.0,0.0522499
318108.0,0.0821655
400000.0,0.121002
442341.0,0.166955
486439.0,0.226118
537941.0,0.311495
592207.0,0.423443
700000.0,0.633703
780795.0,0.875876
929992.0,1.31022
1000000.0,1.48999
1200000.0,1.524
1500000.0,1.409
2000000.0,1.461
3250000.0,1.37741
5000000.0,1.208
6000000.0,1.41101
7000000.0,1.95599
8000000.0,2.00599
1.2E7,1.826
1.6E7,2.158
1.8E7,2.06301
2.0E7,2.041

