1.000000e-11  0.000000e+00  0.000000e+00
5.000000e-09  0.000000e+00  0.000000e+00
1.000000e-08  0.000000e+00  0.000000e+00
1.500000e-08  0.000000e+00  0.000000e+00
2.000000e-08  0.000000e+00  0.000000e+00
2.500000e-08  0.000000e+00  0.000000e+00
3.000000e-08  0.000000e+00  0.000000e+00
3.500000e-08  0.000000e+00  0.000000e+00
4.200000e-08  0.000000e+00  0.000000e+00
5.000000e-08  0.000000e+00  0.000000e+00
5.800000e-08  0.000000e+00  0.000000e+00
6.700000e-08  0.000000e+00  0.000000e+00
8.000000e-08  0.000000e+00  0.000000e+00
1.000000e-07  0.000000e+00  0.000000e+00
1.400000e-07  0.000000e+00  0.000000e+00
1.800000e-07  0.000000e+00  0.000000e+00
2.200000e-07  0.000000e+00  0.000000e+00
2.500000e-07  0.000000e+00  0.000000e+00
2.800000e-07  0.000000e+00  0.000000e+00
3.000000e-07  0.000000e+00  0.000000e+00
3.200000e-07  0.000000e+00  0.000000e+00
3.500000e-07  0.000000e+00  0.000000e+00
4.000000e-07  0.000000e+00  0.000000e+00
5.000000e-07  0.000000e+00  0.000000e+00
6.250000e-07  0.000000e+00  0.000000e+00
7.800000e-07  0.000000e+00  0.000000e+00
8.500000e-07  0.000000e+00  0.000000e+00
9.100000e-07  0.000000e+00  0.000000e+00
9.500000e-07  0.000000e+00  0.000000e+00
9.720000e-07  6.745324e-237  0.000000e+00
9.960000e-07  2.422111e-228  0.000000e+00
1.020000e-06  3.990954e-220  0.000000e+00
1.045000e-06  4.791234e-212  0.000000e+00
1.071000e-06  1.202391e-204  0.000000e+00
1.097000e-06  1.941928e-197  0.000000e+00
1.123000e-06  4.953030e-190  0.000000e+00
1.150000e-06  1.910383e-183  0.000000e+00
1.300000e-06  3.643778e-176  0.000000e+00
1.500000e-06  3.366008e-169  0.000000e+00
2.100000e-06  1.097080e-161  0.000000e+00
2.600000e-06  1.331935e-154  0.000000e+00
3.300000e-06  6.151157e-147  0.000000e+00
4.000000e-06  5.124272e-140  0.000000e+00
9.877000e-06  4.087068e-132  0.000000e+00
1.597000e-05  5.482661e-124  0.000000e+00
2.770000e-05  9.302247e-116  0.000000e+00
4.805000e-05  1.750908e-107  0.000000e+00
7.550000e-05  9.908881e-100  0.000000e+00
1.487000e-04  3.425720e-92  0.000000e+00
3.673000e-04  1.133323e-84  0.000000e+00
9.069000e-04  1.000972e-76  0.000000e+00
1.425000e-03  1.092703e-68  0.000000e+00
2.239000e-03  1.412588e-60  0.000000e+00
3.519000e-03  3.201695e-52  0.000000e+00
5.530000e-03  1.094623e-43  0.000000e+00
9.118000e-03  9.217958e-35  0.000000e+00
1.503000e-02  6.806868e-26  0.000000e+00
2.478000e-02  4.505225e-17  0.000000e+00
4.085000e-02  2.441825e-08  0.000000e+00
6.734000e-02  1.344744e+01  0.000000e+00
1.110000e-01  7.886754e+02  0.000000e+00
1.830000e-01  8.540890e-136  0.000000e+00
3.025000e-01  3.505532e-127  0.000000e+00
5.000000e-01  1.456451e-118  0.000000e+00
8.210000e-01  5.534496e-110  0.000000e+00
1.353000e+00  1.907501e-101  0.000000e+00
2.231000e+00  5.307022e-93  0.000000e+00
3.679000e+00  1.066910e-84  0.000000e+00
6.066000e+00  0.000000e+00  0.000000e+00
