92-U-233(n,total fission) ENDF/B-VII.1
1.0E-5,26888.6
1.31241E-5,23471.1
1.70876E-5,20569.6
2.2426E-5,17955.3
2.91987E-5,15735.7
3.83206E-5,13735.6
4.98935E-5,12037.6
6.54808E-5,10507.6
8.52562E-5,9208.88
1.11891E-4,8038.4
1.45682E-4,7044.64
1.91195E-4,6149.41
2.48937E-4,5389.22
3.26707E-4,4704.04
4.25373E-4,4122.5
5.58264E-4,3598.38
7.26861E-4,3153.64
9.53941E-4,2752.69
0.00124203,2412.18
0.00163006,2105.44
0.00212234,1845.03
0.00278538,1610.34
0.00362657,1411.29
0.00475955,1233.95
0.00619694,1081.17
0.00813293,943.247
0.0105891,827.383
0.0138972,720.929
0.0180942,631.042
0.0234661,554.234
0.0253,532.707
0.033204,463.506
0.0432317,404.936
0.0567377,351.981
0.0738726,306.63
0.101268,258.794
0.133347,222.731
0.163222,205.195
0.31112,162.79
0.406136,145.988
0.645069,121.451
0.745437,117.819
0.857848,122.089
0.975988,134.384
1.06518,149.858
1.16923,177.464
1.26437,215.54
1.3595,268.666
1.56464,411.131
1.61295,467.656
1.65003,540.083
1.69049,658.171
1.74306,827.38
1.7729,870.055
1.77702,870.516
1.79886,850.158
1.83343,756.729
1.90075,526.457
1.93714,431.519
1.97808,355.04
2.01902,304.068
2.06375,270.766
2.09862,258.986
2.11606,258.01
2.14523,265.35
2.17441,288.511
2.1974,324.953
2.21751,377.916
2.2397,467.31
2.27281,629.488
2.28752,664.923
2.28936,665.784
2.30324,642.231
2.31649,573.808
2.35201,312.487
2.36551,235.002
2.37701,185.728
2.38735,152.698
2.39942,124.661
2.4135,102.138
2.42724,87.2141
2.44098,76.8183
2.46292,65.9841
2.49018,58.067
2.52288,52.7048
2.56648,48.9778
2.63189,46.5912
2.6946,46.0467
2.83569,48.1064
2.97678,53.927
3.09593,62.4351
3.19626,73.0381
3.32168,91.6299
3.46591,119.15
3.51545,133.442
3.55111,151.925
3.59463,189.697
3.62271,210.74
3.63427,213.502
3.65489,206.472
3.68112,179.789
3.72194,131.517
3.74731,109.764
3.77663,92.5739
3.81298,78.7743
3.86219,67.1844
3.91843,59.3802
3.97466,55.1728
4.05458,53.3046
4.13154,54.8659
4.23809,61.2758
4.35648,73.1923
4.61695,105.941
4.72942,112.835
4.7531,113.095
4.85374,109.596
5.02245,92.7661
5.22668,70.8898
5.34964,61.7515
5.44186,57.7889
5.50194,56.9781
5.56746,58.5845
5.63298,64.0868
5.68873,73.3036
5.75621,90.7961
5.83249,112.305
5.8853,120.047
5.89899,120.602
5.94593,118.636
6.09251,101.202
6.19191,96.6781
6.26558,98.7413
6.33925,105.713
6.41516,119.238
6.48214,138.609
6.54019,163.861
6.59228,197.418
6.63113,234.071
6.66432,279.303
6.69349,336.522
6.72326,419.475
6.76188,565.492
6.79658,694.414
6.8192,737.489
6.82553,740.049
6.84332,722.401
6.86442,657.988
6.92745,362.532
6.95101,275.584
6.97315,214.826
6.99576,169.998
7.01837,137.862
7.04476,111.242
7.07479,90.1498
7.10761,74.1308
7.14747,60.7593
7.18966,51.1531
7.2389,43.7754
7.29235,39.1316
7.33244,37.7018
7.3458,37.6386
7.39419,39.2891
7.47746,46.1152
7.50335,46.9264
7.52698,46.3344
7.57509,41.8673
7.64401,33.8686
7.70028,29.4576
7.75654,26.8351
7.84094,24.8229
7.97035,23.9491
8.11864,24.6053
8.3087,27.0217
8.47264,30.5101
8.58958,34.8418
8.68248,39.0028
8.70149,39.2091
8.73689,38.4175
8.84776,31.6745
8.90327,30.1408
8.93617,29.9772
8.99168,30.9954
9.02869,33.0256
9.06569,36.8469
9.10387,43.3846
9.15689,56.6901
9.20947,70.1074
9.24048,75.1047
9.28093,77.0477
9.33351,74.0043
9.43463,64.9898
9.529,60.4863
9.58967,59.6515
9.69753,61.6359
9.78787,67.063
9.86116,74.9222
9.93749,88.1488
10.0024,105.845
10.0558,127.586
10.1016,154.171
10.1455,189.773
10.1856,234.228
10.2304,300.941
10.3413,510.087
10.3813,551.771
10.3978,555.426
10.4253,542.443
10.4711,477.215
10.5627,300.157
10.6073,233.558
10.6474,189.128
10.6895,155.061
10.7359,128.432
10.79,107.289
10.8478,92.5765
10.9184,81.9655
11.003,76.6511
11.0312,76.3196
11.1216,79.337
11.2575,89.4277
11.2972,90.4057
11.3523,87.7936
11.4249,77.6415
11.5345,59.3633
11.5769,54.6127
11.6374,51.0219
11.6696,50.513
11.7523,52.2352
11.8733,55.9415
11.9278,56.3579
12.0193,56.217
12.1261,57.7077
12.2141,62.1477
12.2964,70.2554
12.3676,81.7871
12.427,96.2279
12.485,116.822
12.5374,143.532
12.5874,179.246
12.6386,228.954
12.7498,362.528
12.7908,392.487
12.8147,396.774
12.8557,378.5
12.9053,322.202
12.9916,203.289
13.0352,156.364
13.0779,122.085
13.1189,98.4177
13.1599,81.755
13.2036,69.9323
13.2515,62.5399
13.2994,60.1055
13.3415,61.5117
13.4723,73.7795
13.5541,78.1105
13.6055,85.6269
13.7052,111.557
13.7414,114.821
13.7837,109.327
13.8403,90.7292
13.9139,64.4646
13.9659,50.7711
14.0187,40.9381
14.0725,33.9285
14.1386,27.9507
14.2141,23.2783
14.3085,19.3272
14.4104,16.4427
14.5218,14.2919
14.6638,12.5905
14.7598,12.0691
14.799,12.0469
14.8798,12.5453
14.9313,13.4807
14.9803,15.1758
15.0171,17.3109
15.0477,20.0074
15.0783,24.0072
15.1065,29.4585
15.1322,36.6778
15.1543,45.3085
15.177,57.3684
15.1984,72.5491
15.2239,96.2056
15.2538,131.771
15.3165,216.005
15.34,238.923
15.3709,252.212
15.3763,252.38
15.4067,242.725
15.5122,162.985
15.5776,125.952
15.6231,105.945
15.6716,91.4965
15.7202,83.4612
15.7688,79.9249
15.7931,79.4308
15.8531,81.2847
15.9131,87.3404
15.9793,99.2397
16.0582,120.87
16.1821,160.855
16.2388,171.21
16.2731,172.964
16.3759,167.953
16.4257,171.766
16.4722,185.011
16.5479,212.579
16.5685,214.62
16.6047,206.54
16.6449,180.637
16.728,108.58
16.7648,83.8122
16.7967,67.9347
16.8311,55.5825
16.8679,46.252
16.9109,38.689
16.9625,32.5125
17.0251,27.5025
17.0865,24.1384
17.1847,20.5846
17.283,18.4268
17.4008,17.1835
17.4352,17.0972
17.4917,17.28
17.5752,18.5397
17.6366,20.6403
17.6857,23.5259
17.725,27.062
17.7643,32.2552
17.8036,39.812
17.8429,50.3744
17.9043,72.1088
17.9483,87.1359
17.9851,94.5059
18.0026,95.5094
18.0379,92.397
18.0849,80.6355
18.1466,63.353
18.1883,55.7306
18.2188,52.8512
18.2376,52.1333
18.2846,53.3863
18.3259,57.5672
18.381,66.7421
18.4685,84.3827
18.5138,89.9747
18.5385,90.8478
18.6374,86.0843
18.664,87.5106
18.6983,94.76
18.7241,105.244
18.7555,124.568
18.7934,157.669
18.8509,223.288
18.91,290.051
18.949,317.486
18.9723,323.657
18.9979,320.902
19.0442,294.045
19.17,174.674
19.2219,137.195
19.2699,111.752
19.3208,92.1974
19.3837,75.4544
19.4396,65.1692
19.5195,55.255
19.6193,47.762
19.7391,43.038
19.847,41.351
19.883,41.2184
20.0117,42.4204
20.1404,46.7918
20.2262,52.5157
20.2905,59.3343
20.3549,69.6259
20.4201,85.2141
20.499,111.597
20.5694,135.176
20.6105,142.984
20.6346,144.078
20.6757,139.553
20.7358,121.872
20.8272,89.9324
20.8889,74.6233
20.9426,66.172
21.0069,60.3801
21.0841,57.4795
21.1184,57.1554
21.2214,58.7272
21.3249,63.6248
21.4309,72.6812
21.5045,82.6915
21.5781,98.0798
21.6333,115.639
21.6885,141.495
21.7459,180.124
21.849,265.391
21.8857,285.685
21.9254,293.271
21.9722,284.074
22.0436,258.181
22.0815,253.423
22.1202,261.434
22.1607,285.487
22.2156,340.433
22.2918,429.009
22.3338,459.38
22.3547,464.827
22.392,456.586
22.448,408.316
22.5529,282.806
22.6126,227.899
22.6744,188.336
22.7426,159.326
22.8319,134.947
22.9524,113.835
23.2291,77.9659
23.3435,67.4592
23.4299,64.3928
23.4934,65.6801
23.5725,71.7289
23.7251,89.7294
23.7929,92.8449
23.8607,89.7211
24.0473,67.4443
24.1382,60.3083
24.4139,48.0651
24.5392,41.6736
24.6332,38.5132
24.7272,37.5558
24.8212,39.0374
24.9152,43.4666
24.9778,48.8569
25.0251,55.0576
25.0803,65.9784
25.1257,79.0289
25.2438,122.836
25.2892,131.591
25.3008,132.103
25.3459,127.23
25.4077,108.535
25.4759,86.9871
25.5285,75.8196
25.581,69.2158
25.6652,64.046
26.0059,56.5325
26.2824,52.2714
26.2982,52.2525
26.3816,53.3662
26.4595,57.6809
26.5373,66.6433
26.6155,76.0179
26.6474,77.3688
26.6937,75.1605
26.7519,66.6281
26.8442,50.8316
26.9019,44.1312
26.9827,38.6827
27.0905,35.0576
27.2521,32.6806
27.3707,32.2002
27.5162,32.8824
27.6724,35.3146
27.9095,42.0539
28.125,49.6328
28.2155,55.4526
28.3204,64.4815
28.3513,65.4468
28.4009,63.3095
28.5075,50.6571
28.5477,49.0939
28.5773,50.0979
28.6386,56.3515
28.7782,77.2593
28.8806,97.9014
29.0302,133.631
29.0814,140.383
29.1081,141.302
29.1593,137.423
29.2207,124.28
29.3557,86.107
29.4185,73.602
29.4543,68.8973
29.5256,64.1256
29.6177,60.5099
29.6724,54.505
29.7915,33.3413
29.8318,28.0766
29.8666,25.1175
29.9013,23.3963
29.9477,22.4317
29.9709,22.3158
30.0636,23.0812
30.1555,24.9488
30.252,28.0714
30.3283,31.7965
30.4166,38.2108
30.5105,48.1225
30.5988,60.8917
30.7297,84.7408
30.7785,88.7445
30.7827,88.7834
30.8281,85.745
30.8827,74.8906
30.9703,52.8144
31.0149,44.6999
31.0531,40.6028
31.0928,39.0858
31.0996,39.0792
31.1333,39.9827
31.2007,45.2073
31.3221,56.8392
31.3985,60.4235
31.4473,60.9095
31.5962,59.713
31.6902,61.7002
31.7618,66.9685
31.8246,75.9748
31.8847,90.0091
32.014,131.546
32.0609,139.367
32.0729,139.713
32.1126,135.351
32.1607,119.9
32.2661,72.914
32.3066,58.8827
32.3472,48.7572
32.3913,41.5623
32.4353,37.285
32.4794,34.986
32.5474,33.9054
32.6194,34.8593
32.7154,38.4551
32.8407,46.1399
33.0201,58.8493
33.1306,63.9513
33.2589,65.7598
33.4844,64.6975
33.6641,66.7373
33.8988,75.4029
34.3932,95.9938
34.5564,102.549
34.6444,99.0174
34.7562,85.1141
34.8697,70.3322
34.9685,62.6255
35.0904,57.9037
36.036,40.024
36.1812,38.7902
36.2608,39.5504
36.3231,42.2623
36.3698,46.9617
36.4087,53.7392
36.4554,66.091
36.5358,92.9651
36.5774,102.254
36.6013,103.901
36.6371,100.498
36.679,88.8437
36.7669,56.3546
36.8026,46.2071
36.8383,38.9332
36.8782,33.6587
36.9122,30.8677
36.9576,28.7031
37.0257,27.4044
37.0484,27.3234
37.12,28.0408
37.1915,30.3888
37.2619,34.7611
37.3425,42.7187
37.4694,57.4245
37.5252,60.5468
37.5434,60.6844
37.5933,58.6827
37.6614,51.3859
37.7906,33.8053
37.8573,26.8473
37.9254,21.716
37.9906,18.2341
38.0757,15.097
38.1608,12.978
38.2385,11.637
38.355,10.4089
38.4716,10.0137
38.5522,10.2734
38.6329,11.0714
38.707,12.399
38.7883,14.6684
38.8731,18.1056
38.9687,23.3276
39.203,38.4843
39.3129,43.3094
39.4133,45.3684
39.5201,45.8129
39.6549,45.6861
39.8154,45.906
40.1905,43.0517
40.4543,44.2251
40.5706,43.1295
40.8073,36.5223
40.8441,36.2824
40.9064,37.7779
40.9596,41.4011
41.0507,49.9415
41.1007,51.8924
41.143,50.0552
41.1914,44.1073
41.2963,26.7256
41.3412,21.1687
41.3832,17.5997
41.4252,15.2999
41.4671,13.885
41.5342,12.722
41.633,12.2734
41.7752,12.8199
42.1543,15.374
42.2609,16.9259
42.3192,18.6497
42.3759,21.5709
42.4214,25.3926
42.4611,30.3287
42.504,37.731
42.5676,52.3189
42.6315,67.2773
42.6773,73.7295
42.7008,74.6229
42.7402,71.9895
42.7855,63.4928
42.891,36.5022
42.9328,28.2409
42.9685,23.0109
43.0042,19.2887
43.039,16.8126
43.0716,15.2496
43.115,13.9994
43.1654,13.4275
43.1822,13.4135
43.227,13.801
43.2718,14.8775
43.3138,16.6493
43.3628,19.8142
43.4327,26.194
43.5002,32.5417
43.5524,35.3561
43.5718,35.6168
43.6088,34.8211
43.662,31.1807
43.7742,20.6048
43.8302,16.7722
43.8763,14.6692
43.9319,13.1142
43.9987,12.178
44.0701,11.8452
44.1708,12.0831
44.3052,13.3236
44.5034,16.586
44.6183,18.1275
44.6586,18.2577
44.7414,17.5224
44.836,15.1942
44.9737,11.1251
45.0555,9.43044
45.1249,8.55636
45.1942,8.08154
45.3559,7.72213
45.5014,7.39826
45.7544,6.05677
45.7861,6.01247
45.8309,6.24202
45.8569,6.64438
45.8865,7.4848
45.9155,8.86298
45.9405,10.611
45.9695,13.44
46.0027,17.7867
46.0489,25.4874
46.1082,35.8683
46.1461,40.7211
46.1825,42.8522
46.1901,42.9423
46.2234,41.9422
46.2689,37.6476
46.3656,25.2895
46.413,20.7288
46.4604,17.6716
46.5052,15.8909
46.5543,14.8008
46.6199,14.2575
46.6877,14.4347
46.7797,15.6394
46.8523,17.4107
46.937,20.6389
47.0169,25.2079
47.1041,32.2267
47.2454,45.5408
47.3154,49.2337
47.3405,49.5137
47.3978,47.8216
47.4649,42.358
47.6192,25.7289
47.6874,20.0244
47.7502,16.0906
47.813,13.2228
47.8757,11.1946
47.9385,9.82572
48.0013,8.99334
48.0776,8.608
48.0843,8.60567
48.1561,8.91731
48.2211,9.81768
48.2699,11.0183
48.3186,12.8842
48.3579,15.1099
48.3983,18.4331
48.4319,22.3909
48.4633,27.4722
48.4945,34.3156
48.5257,43.4224
48.5612,57.0467
48.6034,77.841
48.7077,137.266
48.7468,151.977
48.7805,156.875
48.8142,153.676
48.8595,138.312
48.9731,80.3183
49.0139,64.2226
49.0506,53.6695
49.0936,45.4431
49.1365,40.3797
49.2126,35.312
49.3918,25.5495
49.499,19.7636
49.574,16.8241
49.6456,14.9833
49.7207,13.9031
49.7959,13.5125
49.8883,13.7784
50.0115,15.173
50.1567,18.0396
50.3777,23.2648
50.4763,24.7189
50.5403,25.0113
50.6622,23.9972
50.9102,19.1533
51.091,17.4397
51.2223,15.8402
51.4677,11.3232
51.5764,9.8738
51.6863,8.96719
51.7992,8.65503
51.899,8.92279
52.0938,10.0444
52.1564,10.1517
52.2607,9.89532
52.5438,8.38196
52.5726,8.3419
52.6279,8.54797
52.6819,9.29803
52.7266,10.5082
52.7705,12.4011
52.8144,15.1952
52.857,18.9609
52.9073,24.8853
53.0039,39.4197
53.0755,49.083
53.1332,53.4854
53.1822,54.4443
53.2778,51.7273
53.5141,41.3918
53.6419,34.8859
53.713,33.0254
53.7273,32.9785
53.7799,34.0859
53.8299,37.3431
53.8882,44.138
53.9722,58.42
54.0549,72.5998
54.1061,78.2054
54.1566,79.972
54.2089,77.8947
54.3089,67.0835
54.4059,55.8718
54.4787,50.5739
54.5223,49.3093
54.586,50.8114
54.6259,54.2568
54.6844,63.2309
54.8223,93.2098
54.8756,98.6169
54.8838,98.7678
54.9228,96.8617
54.9818,87.0005
55.0967,60.3952
55.1559,50.5295
55.2009,45.6477
55.2684,41.6866
55.3458,40.4358
55.4433,41.8827
55.5408,45.7413
55.6692,54.1931
55.8132,68.0132
55.9971,87.8439
56.1323,96.6939
56.317,102.64
56.4955,114.215
56.5091,114.363
56.5771,111.386
56.6727,98.4158
56.8025,78.9888
56.8819,71.789
56.9556,68.4779
57.0028,67.7336
57.1058,69.044
57.2431,75.6001
57.4872,91.9364
57.613,95.0074
57.7136,92.0422
57.8814,78.9298
58.0492,64.5235
58.1603,58.3417
58.2576,56.4565
58.3453,58.2337
58.4617,65.5655
58.5683,72.9372
58.613,73.9997
58.6726,71.9332
58.7429,64.051
58.8953,39.0039
58.9527,31.9805
59.0152,26.7733
59.0952,22.5208
59.2016,18.765
59.3099,16.0934
59.427,14.1787
59.5735,12.7467
59.7491,11.9058
59.8897,11.711
60.0537,11.941
60.2177,12.6911
60.3933,14.2278
60.5398,16.332
60.6862,19.5495
60.8232,24.0257
60.9462,29.7083
61.061,36.872
61.176,46.4633
61.314,61.929
61.4252,74.6771
61.4863,78.6136
61.5224,79.0301
61.5735,76.7846
61.6449,68.572
61.8207,39.6914
61.8876,31.2112
61.952,25.1649
62.0214,20.5632
62.0981,17.152
62.1601,15.3452
62.2344,14.1215
62.2678,13.9462
62.3112,14.2051
62.3443,14.9374
62.3838,16.7335
62.4154,19.2134
62.447,22.9584
62.4808,28.7157
62.5178,37.3697
62.5659,52.0377
62.6443,78.4486
62.6917,89.5123
62.7296,92.6288
62.7704,89.4794
62.8131,80.075
62.93,44.0587
62.967,35.1012
63.006,28.0013
63.0422,23.3201
63.0784,20.0923
63.1259,17.4015
63.1733,15.8153
63.2366,14.6738
63.3315,14.0758
63.4205,14.2458
63.5096,14.9816
63.6268,16.8801
63.7205,19.3954
63.8142,23.186
63.9009,28.2483
64.0158,37.4284
64.1357,47.2884
64.2449,52.4939
64.3358,57.0379
64.4023,64.3503
64.5167,81.5589
64.5678,84.9385
64.5765,84.9603
64.6189,82.5461
64.6709,74.5137
64.7938,47.9024
64.8476,39.1818
64.8904,34.6437
64.9354,32.0975
64.9697,31.531
65.0285,32.8386
65.1755,41.1535
65.2284,42.2339
65.2887,40.7684
65.4063,32.9356
65.4908,27.8595
65.5671,24.9795
65.8531,18.7035
66.0145,15.8903
66.1155,14.9668
66.1741,14.8167
66.2486,15.0481
66.355,16.1263
66.6425,20.6458
66.7808,21.5644
66.9245,21.1076
67.3277,17.5119
67.5127,16.6981
67.5792,16.6751
67.7099,17.329
67.8078,18.9144
67.8889,21.397
68.0624,28.7559
68.1282,29.9723
68.1372,29.9905
68.2094,28.8503
68.387,22.0976
68.4783,20.2235
68.556,19.8674
68.6634,20.7133
68.7662,22.7278
68.8641,25.9542
68.9585,30.6388
69.1806,45.2505
69.2761,48.9232
69.3449,49.6121
69.7767,43.8338
69.8221,43.7547
69.94,45.4592
70.0307,49.4477
70.1689,59.999
70.278,68.1849
70.3481,70.1902
70.4064,68.761
70.486,62.2815
70.7016,34.8821
70.778,27.4219
70.855,21.967
70.932,18.2204
71.0122,15.6426
71.1085,13.7623
71.2302,12.6153
71.3199,12.3832
71.4543,12.8513
71.5802,14.3349
71.6961,16.9039
71.8707,21.7352
71.9564,22.7986
71.9732,22.8257
72.0601,22.1541
72.1996,20.0264
72.3298,18.9342
72.7204,18.2422
72.9901,17.0886
73.0738,17.3485
73.1436,18.4947
73.1959,20.4985
73.2395,23.4808
73.2744,27.1426
73.3093,32.3056
73.3485,40.2747
73.3967,53.4052
73.5226,95.9418
73.5786,108.692
73.6279,112.165
73.6787,108.45
73.8003,90.4904
73.837,88.5726
73.8922,91.4056
73.9585,102.835
74.0848,132.655
74.1588,142.827
74.1796,143.73
74.2413,140.921
74.3254,125.996
74.5086,80.1453
74.5916,64.0802
74.6672,53.4303
74.7344,46.8449
74.8149,42.2019
74.8686,41.134
74.9236,41.8382
75.0057,46.0607
75.173,57.995
75.2888,63.9438
75.3582,70.9908
75.4236,83.1397
75.583,125.817
75.6387,134.107
75.6628,134.992
75.7162,130.484
75.7784,115.416
75.9263,65.5795
75.9861,49.8622
76.0403,39.3947
76.0948,31.9815
76.1493,26.8856
76.2095,23.1
76.2698,20.6039
76.3502,18.5632
76.4306,17.5016
76.5094,17.1345
76.6573,17.6284
76.8696,18.6586
77.0111,18.2117
77.2587,16.7774
77.3391,16.6469
77.5043,17.198
77.6324,18.5628
77.7418,20.7064
77.8331,23.5831
77.9224,27.8702
78.0054,33.6224
78.112,43.7201
78.2684,59.7195
78.3513,64.4214
78.3773,64.9285
78.4699,62.8924
78.5934,53.8931
78.7432,42.2371
78.862,36.0685
78.9934,32.3116
79.1496,30.7057
79.1768,30.6748
79.3262,31.7852
79.4395,34.398
79.5527,39.3623
79.6517,46.4743
79.8625,67.6055
79.9306,71.7846
79.967,72.4297
80.0307,70.4312
80.0996,64.1992
80.2971,38.4871
80.3735,31.0169
80.4404,26.3229
80.5201,22.5238
80.6156,19.7056
80.7111,18.044
80.8382,16.8609
81.0098,16.3911
81.1921,16.9966
81.3204,18.2147
81.4554,20.4666
81.7389,27.7568
81.8577,29.4918
81.9171,29.6967
81.9981,29.6558
82.1266,30.5943
82.2221,33.271
82.3478,39.3989
82.6318,56.4864
82.7072,63.919
82.776,74.9802
82.9108,102.846
82.9614,107.455
82.9738,107.475
83.0207,103.101
83.066,92.6294
83.2019,46.9344
83.2416,36.1497
83.2812,27.8951
83.3161,22.5901
83.3492,18.9749
83.3869,16.1041
83.4341,13.7868
83.5001,11.8582
83.5931,10.2369
83.7467,8.51242
83.9405,7.03095
84.0624,6.4538
84.1743,6.27007
84.269,6.44351
84.355,6.94462
84.4411,7.84336
84.5754,9.95844
84.7824,13.4534
84.9558,16.1164
85.0488,18.2096
85.1727,22.3931
85.3258,28.3904
85.4214,30.2822
85.448,30.3089
85.5117,29.407
85.6015,26.2432
85.7718,18.8295
85.8709,15.9007
86.0031,13.4751
86.3346,8.29025
86.4249,7.27791
86.5333,6.52514
86.6345,6.22653
86.6634,6.2032
86.7719,6.3436
86.8803,6.88912
86.9726,7.8403
87.0529,9.25749
87.1371,11.4943
87.2525,15.0871
87.3207,16.3773
87.3457,16.5026
87.4038,15.9424
87.4683,14.0901
87.5913,9.3751
87.6514,7.65699
87.6995,6.77102
87.7427,6.31178
87.8091,6.07379
87.9125,6.31069
88.0522,6.76241
88.2399,6.98864
88.3167,7.54824
88.3873,8.5694
88.4578,10.1041
88.5384,12.5536
88.613,15.7328
88.6764,19.517
88.7353,24.3096
88.8007,31.4297
88.8858,43.3396
88.9886,58.2586
89.0515,64.2825
89.0993,65.9187
89.1651,63.53
89.2354,56.2224
89.3812,37.0346
89.4486,30.3929
89.5077,26.4038
89.5735,23.7859
89.6418,22.7148
89.6638,22.6525
89.7592,23.4838
89.9325,27.1835
90.1101,32.221
90.2227,37.2388
90.2916,42.6102
90.3414,48.8801
90.3906,58.3673
90.4295,69.196
90.4734,85.8165
90.5227,110.705
90.6039,163.148
90.6775,209.965
90.7372,233.242
90.7679,236.929
90.8188,229.326
90.8808,200.482
91.0186,111.918
91.0696,86.0737
91.1155,68.4322
91.1615,55.5263
91.2115,45.6494
91.2687,38.0324
91.3403,31.8622
91.4119,27.7832
91.5208,23.6572
91.65,20.4887
91.7792,18.3919
91.9369,16.803
92.1164,16.0754
92.1327,16.0684
92.2633,16.4462
92.3884,17.7703
92.4972,20.0847
92.6011,23.6444
92.7985,32.4717
92.8833,34.6162
92.916,34.7741
93.0008,33.2802
93.2185,23.9867
93.2997,22.0974
93.4011,21.5019
93.5926,22.1284
93.6509,23.1363
93.6991,25.0046
93.7467,28.2398
93.8038,34.2457
93.9277,51.0835
93.9804,55.5004
94.0113,56.2047
94.0582,54.2105
94.1056,48.8403
94.2416,26.4398
94.2876,20.3367
94.3268,16.3917
94.3659,13.5192
94.4094,11.3444
94.4559,9.87241
94.5117,8.8246
94.5898,8.03237
94.7088,7.4338
94.8354,7.20469
94.9024,7.35212
94.9647,7.91039
95.0086,8.78411
95.0437,9.95207
95.0788,11.7078
95.1116,14.0227
95.1515,17.9105
95.1954,23.6578
95.2585,34.248
95.3546,51.1749
95.4108,57.555
95.4606,59.2407
95.5027,57.6263
95.5698,50.7144
95.686,35.3003
95.7407,29.7382
95.7954,25.8481
95.8364,23.8935
95.9018,22.0497
95.9945,21.152
96.0218,21.1351
96.1308,21.8201
96.3045,24.7786
96.5343,29.8522
96.6506,30.8141
96.7785,29.7219
97.0155,26.1626
97.0722,25.871
97.1812,26.2137
97.3266,28.3569
97.472,32.4333
97.5629,36.6547
97.6301,41.6852
97.6874,48.4536
97.7365,57.1313
97.7855,69.3229
97.8506,91.2943
97.9755,139.623
98.0327,152.583
98.0636,154.563
98.1174,148.786
98.1775,130.899
98.3026,82.6975
98.3527,68.2371
98.4028,58.4024
98.4528,52.7973
98.4979,50.7125
98.5179,50.5278
98.573,51.9328
98.6556,57.8224
98.7697,67.223
98.8329,69.098
98.9037,66.4221
99.0057,55.9284
99.1014,45.4789
99.1628,40.9418
99.2323,38.3579
99.2705,37.9556
99.3469,38.7636
99.5829,45.0298
99.6676,45.6255
99.7325,45.5809
99.8575,46.8497
99.9567,51.0784
100.11,59.8861
100.175,61.2823
100.247,59.5826
100.338,52.802
100.534,32.589
100.619,25.9158
100.705,20.9238
100.789,17.487
100.89,14.5953
101.005,12.3219
101.139,10.4479
101.327,8.6507
101.564,7.14884
101.774,6.24131
101.989,5.62659
102.14,5.40049
102.215,5.37024
102.366,5.55873
102.474,6.02719
102.552,6.69012
102.611,7.48638
102.672,8.73851
102.732,10.5918
102.788,13.1517
102.845,16.7061
102.915,22.58
103.063,37.0943
103.12,40.6521
103.173,41.6885
103.215,40.6856
103.28,36.3988
103.453,18.7375
103.509,14.201
103.561,10.9537
103.611,8.69174
103.661,7.08093
103.712,5.92609
103.767,5.09851
103.822,4.55602
103.88,4.19618
103.959,3.95769
103.999,3.92644
104.089,4.04914
104.18,4.46021
104.26,5.12855
104.341,6.15842
104.421,7.60803
104.51,9.71581
104.604,12.6169
104.696,16.4436
104.808,22.5425
104.937,29.9176
105.022,32.7154
105.074,33.1047
105.168,31.5462
105.454,20.9282
105.551,18.2701
105.623,17.0703
105.684,16.8032
105.744,17.5373
105.791,19.1468
105.839,22.0481
105.886,26.6206
105.933,33.1413
105.996,44.7939
106.128,72.8705
106.196,82.323
106.256,85.1349
106.356,81.257
106.462,76.6584
106.474,76.6022
106.553,79.054
106.772,95.8197
106.875,98.2511
107.161,94.5104
107.254,89.0146
107.343,76.8518
107.499,48.5576
107.557,40.7095
107.606,36.02
107.656,33.1364
107.725,31.6286
107.735,31.6148
107.784,32.1765
107.864,34.8866
108.089,46.786
108.185,48.5526
108.274,47.1707
108.621,33.0481
108.733,30.1161
108.839,28.7395
108.892,28.5947
109.011,29.7582
109.097,32.24
109.166,35.6822
109.247,41.8045
109.33,51.2524
109.458,70.8473
109.567,86.8584
109.646,92.3017
109.668,92.499
109.735,89.3184
109.828,77.5244
109.969,55.9104
110.033,48.935
110.099,44.2604
110.172,41.5883
110.399,37.2508
110.533,34.0428
110.558,33.8843
110.623,34.8762
110.687,38.3879
110.749,44.8612
110.819,55.8292
110.913,76.3049
111.024,102.415
111.092,113.961
111.157,118.314
111.213,115.967
111.281,106.476
111.491,59.8083
111.563,47.2114
111.632,38.1588
111.702,31.6418
111.775,26.967
111.859,23.43
111.932,21.5522
112.029,20.2528
112.096,20.0169
112.223,20.9351
112.337,23.233
112.494,28.4731
112.719,36.9096
112.842,39.8541
113.031,41.3692
113.295,42.1409
113.483,44.7165
113.97,56.4027
114.326,61.2048
114.475,67.6623
114.709,85.1156
114.785,87.169
114.858,84.4352
114.946,74.8004
115.16,39.0874
115.229,29.798
115.286,23.7912
115.347,19.0541
115.407,15.6444
115.476,12.9786
115.548,11.2122
115.62,10.2145
115.688,9.88438
115.758,10.1837
115.832,11.2184
116.002,15.1332
116.075,15.9936
116.091,16.0249
116.153,15.5685
116.254,13.4281
116.347,11.217
116.417,10.0706
116.504,9.39509
116.533,9.31964
116.649,9.45001
116.989,10.8876
117.142,12.1909
117.252,13.8223
117.361,16.2786
117.469,19.796
117.561,24.1113
117.64,29.265
117.715,36.2257
117.78,44.5099
117.849,56.6851
117.919,72.9147
118.033,107.066
118.125,134.136
118.197,146.951
118.24,148.982
118.283,146.126
118.35,132.929
118.455,98.5195
118.549,67.4789
118.611,51.4697
118.667,40.6462
118.72,33.2679
118.778,27.6408
118.847,23.4471
118.925,20.5375
119.004,18.7039
119.156,16.5502
119.266,16.0246
119.325,16.4935
119.384,17.9459
119.428,19.9489
119.485,24.0221
119.55,30.4711
119.679,44.8672
119.743,49.0528
119.781,49.6888
119.83,48.4631
119.919,42.0602
120.032,32.7355
120.114,28.2273
120.221,25.0601
120.372,22.3904
120.503,20.8788
120.667,20.2569
120.832,20.7333
120.98,21.9643
121.144,24.4177
121.34,29.275
121.496,33.256
121.556,33.7683
121.631,32.8654
121.715,29.6451
121.884,20.3397
121.942,18.3122
122.001,17.6143
122.049,18.1674
122.114,20.3239
122.283,28.7289
122.339,30.1369
122.365,30.2775
122.435,29.0252
122.605,21.9359
122.674,20.7044
122.687,20.6611
122.756,21.3021
122.908,24.6337
122.999,25.4242
123.111,24.2428
123.267,21.3469
123.378,20.4969
123.496,21.0401
123.701,23.8141
123.838,26.7012
123.929,30.065
123.997,34.3441
124.057,40.2132
124.12,49.1071
124.195,63.8857
124.341,97.4113
124.41,107.349
124.452,109.119
124.506,106.172
124.58,93.9723
124.737,57.1864
124.8,45.5177
124.864,36.771
124.918,31.478
124.99,26.9057
125.079,23.434
125.199,20.8269
125.364,18.8821
125.529,17.8766
125.67,17.5638
125.794,17.749
125.926,18.627
126.043,20.3258
126.178,23.8289
126.353,29.1836
126.428,30.0374
126.505,28.952
126.583,25.7673
126.777,14.1707
126.846,10.98
126.904,9.05331
126.962,7.75664
127.021,6.95569
127.098,6.42391
127.162,6.29834
127.23,6.40891
127.314,6.9195
127.397,7.93192
127.511,10.1067
127.632,12.4381
127.716,13.2736
127.746,13.3699
127.873,13.178
127.974,13.5145
128.047,14.5818
128.167,17.6043
128.286,20.6866
128.364,21.8481
128.431,22.1458
128.536,21.497
128.819,17.1267
129.164,11.4233
129.33,9.30105
129.499,7.80227
129.644,6.99416
129.809,6.49232
129.974,6.34252
130.16,6.56183
130.284,6.99653
130.439,8.00229
130.635,9.64366
130.734,9.97906
130.841,9.59245
131.085,7.56136
131.22,7.05096
131.422,6.86839
131.63,7.03704
131.837,7.58657
132.018,8.49169
132.142,9.61076
132.253,11.1959
132.401,14.2792
132.572,17.9633
132.726,19.8588
132.888,21.6049
132.973,23.7039
133.049,26.9966
133.124,32.1369
133.2,39.6712
133.284,51.142
133.441,74.9768
133.519,82.7271
133.582,84.8071
133.654,82.5826
133.797,69.5914
133.933,57.7119
134.069,50.5257
134.503,34.9517
134.741,26.1421
134.877,22.3911
134.988,20.5727
135.053,20.2369
135.118,20.6288
135.19,22.213
135.244,24.4535
135.307,28.5242
135.379,35.4356
135.463,46.4471
135.62,69.7961
135.69,76.5141
135.744,78.3141
135.809,76.1256
135.877,69.3538
136.083,39.2909
136.16,30.7149
136.217,25.9741
136.281,22.1965
136.344,19.7297
136.433,17.7016
136.502,16.8993
136.827,15.2477
137.475,8.03453
137.702,5.32174
137.825,4.1905
137.928,3.50741
138.031,3.03671
138.154,2.69626
138.277,2.54203
138.342,2.52016
138.461,2.56918
138.603,2.76376
138.749,3.10729
138.923,3.73333
139.098,4.64034
139.279,5.95194
139.488,7.96242
139.738,10.4561
139.88,11.2145
139.928,11.2837
140.087,10.917
140.297,10.1523
140.322,10.1386
140.406,10.3131
140.499,10.9643
140.615,12.4945
140.783,15.8779
141.023,21.0991
141.155,22.6388
141.224,22.8266
141.361,22.0928
141.57,20.3927
141.604,20.3706
141.671,20.762
141.761,22.4447
141.851,25.6736
141.981,32.7445
142.109,40.0556
142.207,43.4356
142.247,43.872
142.345,42.3673
142.46,36.8559
142.651,25.4157
142.727,22.2734
142.789,20.9642
142.808,20.8763
142.856,21.4183
142.899,22.9917
142.952,26.5471
143.015,32.9078
143.155,50.4158
143.217,55.3582
143.258,56.384
143.319,54.2181
143.381,47.9272
143.54,25.5244
143.595,19.4288
143.639,15.6198
143.683,12.8626
143.731,10.7881
143.778,9.47528
143.826,8.70771
143.898,8.21499
143.946,8.16147
144.078,8.61274
144.445,11.0313
144.63,11.5837
144.656,11.5963
144.873,11.1926
145.076,10.5476
145.139,10.5035
145.235,10.9427
145.286,11.6813
145.344,13.323
145.393,15.6867
145.432,18.4806
145.476,22.8246
145.525,29.3607
145.579,38.6575
145.735,70.8651
145.8,80.0595
145.853,82.5472
145.903,80.3826
145.964,72.4005
146.082,48.5952
146.153,34.7665
146.21,26.0492
146.26,20.3434
146.31,16.2332
146.36,13.3874
146.41,11.4627
146.459,10.1918
146.533,9.0008
146.606,8.31508
146.704,7.84081
146.802,7.68699
146.959,7.92631
147.142,8.80424
147.495,11.2263
147.626,11.7358
147.691,11.7901
147.896,11.2366
148.118,10.5703
148.133,10.5638
148.241,10.8553
148.336,11.8283
148.452,13.9819
148.649,18.1792
148.963,22.4238
149.064,24.8944
149.165,28.7526
149.286,35.5149
149.503,50.5234
149.6,54.8516
149.664,55.7389
149.766,53.4721
149.879,46.9054
150.073,33.4402
150.193,27.3334
150.301,23.7396
150.41,21.5244
150.518,20.2323
150.749,19.191
150.764,19.1746
151.024,19.5088
151.241,20.8156
151.392,22.8594
151.521,25.9943
151.66,31.4677
151.91,44.2189
152.031,47.6364
152.07,47.8758
152.173,46.5016
152.431,37.2587
152.698,30.6541
152.828,25.1809
152.949,19.6592
153.008,17.8143
153.073,16.6242
153.201,16.0172
153.305,15.4961
153.538,12.5361
153.631,11.941
153.649,11.9201
153.744,12.3647
153.836,13.5902
154.015,16.4951
154.126,17.1329
154.274,16.465
154.464,14.8044
154.567,13.2085
154.813,7.90421
154.898,6.52583
154.969,5.73026
155.04,5.22982
155.135,4.94309
155.163,4.92957
155.248,5.07218
155.325,5.4422
155.401,6.0975
155.478,7.1445
155.546,8.51106
155.62,10.6583
155.698,13.7825
155.814,19.8422
155.922,25.5312
155.996,28.1167
156.049,28.7655
156.113,27.9943
156.181,25.4899
156.391,13.7028
156.456,10.9519
156.511,9.31016
156.555,8.48233
156.606,8.00741
156.632,7.95477
156.684,8.20154
156.748,9.14416
156.814,10.8391
156.887,13.6032
156.972,18.0509
157.176,31.0483
157.253,34.3407
157.318,35.1891
157.378,34.1196
157.456,30.3026
157.577,21.1184
157.669,14.1453
157.729,10.516
157.782,8.09684
157.826,6.53445
157.875,5.31563
157.922,4.52682
157.964,4.05972
158.005,3.75096
158.072,3.46733
158.203,3.24792
158.297,3.20115
158.398,3.25686
158.495,3.45615
158.761,4.37335
158.887,4.54683
159.083,4.51078
159.321,4.75723
159.481,4.88755
159.658,4.73728
159.885,4.14493
160.056,3.69384
160.231,3.50273
160.264,3.49922
160.412,3.59164
160.601,3.96139
160.765,4.5713
160.908,5.41767
161.052,6.63079
161.613,12.7685
161.715,14.6219
161.796,17.0648
161.875,20.6655
161.954,25.6853
162.178,43.7047
162.261,47.8419
162.312,48.6899
162.405,47.0217
162.586,39.2068
162.661,37.7602
162.697,37.7341
162.927,41.6337
162.949,41.7032
163.036,40.6227
163.145,36.5118
163.328,27.7903
163.429,24.4088
163.515,22.7463
163.671,21.6984
163.866,20.9904
164.038,19.0291
164.311,14.7267
164.457,13.1322
164.571,12.6872
164.637,12.9376
164.72,14.0374
164.799,16.1196
164.88,19.4075
164.998,26.0443
165.181,38.4276
165.28,46.947
165.391,59.8874
165.543,80.0959
165.633,87.264
165.674,88.0249
165.754,84.8041
165.869,72.2042
166.042,50.7225
166.163,39.2929
166.293,29.9839
166.394,24.4741
166.508,19.953
166.599,17.4887
166.717,15.3336
166.89,13.519
167.067,12.5419
167.12,12.4641
167.213,12.7891
167.288,13.677
167.361,15.242
167.446,18.0864
167.54,22.4856
167.762,34.5769
167.913,39.9373
168.152,46.0611
168.186,46.3365
168.264,45.1315
168.348,40.6183
168.519,26.5775
168.567,23.6488
168.614,21.8306
168.665,21.3193
168.706,22.0255
168.759,24.364
168.829,29.3828
168.963,40.5894
169.039,44.399
169.081,45.0402
169.16,43.3906
169.345,33.6263
169.433,31.2105
169.491,30.8389
169.646,31.4975
169.784,30.2321
170.117,22.016
170.417,13.1258
170.514,11.0213
170.57,10.2003
170.661,9.45656
170.713,9.33176
170.817,9.65492
170.903,10.4433
171.005,11.9928
171.118,14.6326
171.233,18.4961
171.45,27.7344
171.539,30.2983
171.601,30.9174
171.685,30.0149
171.787,26.6891
172.006,17.1664
172.116,13.587
172.198,11.6438
172.311,9.80358
172.439,8.53551
172.568,7.8486
172.736,7.53267
172.758,7.52829
172.973,7.7934
173.263,8.65795
173.458,9.69136
173.635,11.263
173.975,14.8484
174.192,16.0833
174.504,17.5392
174.65,19.1129
174.795,21.8075
174.964,26.6623
175.322,39.9978
175.457,42.4858
175.491,42.5694
175.583,41.5732
175.716,37.4125
175.926,28.7309
176.02,26.0723
176.287,21.9048
176.392,18.7309
176.584,11.4609
176.662,9.22313
176.728,7.94598
176.793,7.17778
176.873,6.81366
176.898,6.80242
177.003,7.11539
177.233,8.32294
177.464,8.7641
177.697,9.10603
177.923,10.0379
178.141,11.6535
178.491,15.0214
178.64,15.7911
178.686,15.8141
178.829,15.0854
178.999,12.8881
179.155,10.5883
179.263,9.51865
179.382,9.05486
179.579,8.7878
179.692,8.04497
179.975,4.86543
180.078,4.03004
180.179,3.50117
180.28,3.19481
180.4,3.03185
180.441,3.01473
180.593,3.08128
180.784,3.41377
181.132,4.36159
181.374,4.90978
181.465,5.42683
181.554,6.37802
181.751,9.32048
181.832,9.91016
181.847,9.92873
181.915,9.62663
181.98,8.81826
182.178,5.28694
182.248,4.35528
182.303,3.83641
182.379,3.39983
182.465,3.19319
182.502,3.1766
182.563,3.22759
182.643,3.45406
182.707,3.804
182.77,4.38226
182.826,5.15618
182.881,6.2407
182.941,7.87028
183.02,10.691
183.174,17.0729
183.246,19.1542
183.314,19.8446
183.381,19.1644
183.462,16.8951
183.627,10.7142
183.702,8.61499
183.769,7.35379
183.825,6.69775
183.901,6.26322
183.964,6.18333
184.073,6.42461
184.254,7.37778
184.65,9.8468
184.807,11.4642
185.028,14.2877
185.174,15.3276
185.216,15.3829
185.361,14.786
185.588,12.9176
185.732,12.4425
185.869,12.7988
186.128,14.0283
186.181,14.0707
186.317,13.6104
186.657,10.7232
186.773,10.1482
186.831,10.0276
186.978,10.2245
187.125,11.1023
187.277,12.7177
187.429,15.1518
187.586,18.716
187.769,24.4623
188.042,34.2455
188.159,36.9116
188.243,37.5289
188.352,36.5451
188.52,32.0963
188.725,26.0835
188.851,24.0717
188.932,23.7027
189.06,24.5526
189.207,27.3506
189.393,33.152
189.608,42.8677
189.811,52.1063
189.928,54.7547
189.989,55.0436
190.183,52.1536
190.617,40.2639
190.808,37.6444
190.856,37.5399
190.991,38.9744
191.129,43.6528
191.367,54.9265
191.459,56.4215
191.547,54.8547
191.684,47.7474
191.893,34.7079
192.015,29.2943
192.143,25.7886
192.232,24.4761
192.393,23.6919
192.723,24.781
193.139,26.6281
193.309,26.007
193.718,20.6583
194.005,18.8547
194.297,16.7531
194.692,12.9738
194.832,12.2665
194.919,12.1342
195.132,12.6817
195.454,14.1749
195.848,15.3125
196.008,16.3942
196.197,18.7774
196.726,28.6299
196.963,32.9622
197.078,33.8091
197.205,32.764
197.464,27.0991
197.513,26.7412
197.584,27.437
197.654,29.9412
197.724,34.5136
197.808,42.5331
197.967,59.9168
198.04,64.9571
198.09,66.0889
198.169,63.6226
198.253,56.1322
198.429,35.7366
198.504,29.17
198.584,24.3638
198.676,20.9343
198.789,18.3728
198.893,16.8664
198.966,16.4885
199.035,16.8998
199.103,18.1866
199.195,21.2948
199.37,28.308
199.459,30.0612
199.478,30.1422
199.555,29.3469
199.652,26.2614
199.854,17.7211
199.951,14.7816
200.047,13.0055
200.146,12.1978
200.174,12.1524
200.244,12.4301
200.315,13.4253
200.383,15.1618
200.465,18.367
200.665,28.4663
200.745,30.9907
200.799,31.5433
200.884,30.3744
200.998,25.8628
201.173,17.6243
201.268,14.3332
201.35,12.3007
201.433,10.9659
201.503,10.3071
201.576,10.0411
201.663,10.3282
201.74,11.2224
201.816,12.8886
201.892,15.5511
201.968,19.4441
202.05,25.1084
202.167,35.5927
202.304,48.3304
202.393,53.9283
202.468,55.5473
202.536,54.3058
202.628,48.9734
202.876,27.3341
202.964,21.2743
203.046,17.0237
203.134,13.7924
203.226,11.4956
203.323,9.8745
203.486,8.06404
203.711,6.21729
203.855,5.37802
203.963,5.09944
204.044,5.20889
204.109,5.57624
204.161,6.12915
204.222,7.15607
204.286,8.76494
204.351,11.1546
204.424,14.751
204.635,27.5711
204.705,30.3585
204.773,31.307
204.852,30.103
204.94,26.5313
205.089,19.2132
205.161,16.7044
205.232,15.3029
205.273,15.0328
205.328,15.2816
205.399,16.6589
205.468,19.0548
205.553,23.3732
205.737,34.5535
205.836,38.4042
205.901,39.1619
205.982,38.0375
206.139,31.9188
206.248,27.9493
206.322,26.6082
206.356,26.4816
206.423,27.2091
206.489,29.2548
206.588,34.5289
206.804,49.3282
206.881,52.1991
206.936,52.5702
207.016,50.4843
207.133,43.0893
207.281,32.0643
207.365,27.4466
207.446,24.636
207.519,23.4509
207.562,23.2434
207.684,24.1244
207.847,27.5576
208.011,32.7979
208.215,41.6377
208.549,58.1823
208.718,63.2825
208.797,63.9524
208.967,61.5339
209.338,49.4162
209.594,42.0925
209.752,34.2958
209.938,23.8794
210.036,19.7551
210.125,17.3055
210.229,15.7458
210.36,15.0161
210.401,14.969
210.523,15.3966
210.617,16.6109
210.721,19.1388
210.938,26.0903
211.038,27.5259
211.061,27.5588
211.164,26.4609
211.375,22.1065
211.492,21.3265
211.711,22.1295
211.831,21.3339
211.954,18.7566
212.202,11.533
212.302,9.3505
212.387,8.05249
212.463,7.30474
212.54,6.89152
212.619,6.76024
212.704,6.91205
212.817,7.56215
212.925,8.70158
213.041,10.5595
213.156,13.1471
213.503,23.0448
213.63,25.175
213.71,25.5146
213.819,24.7064
213.981,21.6347
214.233,16.1017
214.385,13.854
214.516,12.818
214.619,12.5954
214.766,13.1838
214.962,15.2689
215.146,17.2986
215.319,17.9629
215.795,16.6078
216.102,17.231
216.563,18.515
216.664,18.5455
216.765,18.5284
216.929,19.0693
217.021,20.4912
217.092,22.7684
217.161,26.3588
217.244,32.7234
217.358,44.7912
217.49,58.8607
217.579,64.4995
217.636,65.4111
217.718,63.1912
217.927,49.7669
217.997,47.2044
218.023,46.8295
218.084,47.3653
218.154,50.5103
218.246,58.6488
218.467,86.7578
218.557,93.9413
218.603,95.0838
218.684,92.426
218.794,80.8982
219.005,50.9722
219.087,42.1095
219.171,35.5442
219.256,31.6052
219.342,30.0976
219.351,30.0808
219.434,31.2263
219.506,34.1631
219.594,40.1228
219.819,59.8398
219.911,64.0495
219.941,64.3865
220.013,62.9305
220.119,55.9908
220.34,36.1507
220.442,29.354
220.532,25.1209
220.641,21.632
220.824,17.7872
221.117,13.3236
221.355,10.4349
221.541,8.71776
221.697,7.68312
221.875,6.9609
222.053,6.75308
222.193,7.03393
222.298,7.61326
222.402,8.66939
222.49,10.0731
222.577,12.1136
222.678,15.4379
222.788,20.2725
222.942,28.7221
223.071,37.658
223.164,46.5684
223.249,57.7521
223.36,76.9487
223.484,99.6572
223.575,110.177
223.621,111.746
223.69,108.502
223.77,97.072
223.91,66.0222
224.008,45.1421
224.073,34.2416
224.128,27.088
224.178,22.2821
224.234,18.5051
224.289,16.0536
224.334,14.8292
224.414,13.7911
224.44,13.6825
224.547,13.9143
224.748,14.7956
224.866,14.3583
224.967,13.2315
225.289,7.85764
225.394,6.5194
225.507,5.49401
225.591,4.97844
225.704,4.56027
225.85,4.36147
225.883,4.35782
226.08,4.55838
226.45,5.20403
226.539,5.25537
226.746,5.12705
227.096,4.6238
227.619,4.3235
227.918,3.98257
227.978,3.95389
228.169,4.03378
228.348,4.35345
228.524,4.90307
228.717,5.84173
228.889,7.08261
229.06,8.81909
229.397,13.0031
229.568,14.2443
229.798,15.1198
229.879,16.0312
229.997,18.4589
230.197,23.6691
230.303,24.8974
230.324,24.9124
230.43,23.8566
230.74,16.4862
230.858,14.7933
231.001,13.8743
231.093,13.7105
231.236,13.953
231.541,15.5152
231.553,15.52
231.646,15.1565
231.769,13.5883
232.033,8.75868
232.148,7.2304
232.271,6.14128
232.418,5.35329
232.53,5.0433
232.586,4.98324
232.694,5.11482
232.772,5.51138
232.835,6.11061
232.898,7.06
232.96,8.47245
233.023,10.4709
233.086,13.1741
233.154,17.0307
233.234,22.8625
233.339,32.4802
233.603,60.5442
233.708,67.9289
233.781,69.7525
233.874,67.3916
233.974,59.581
234.213,32.582
234.3,24.7307
234.377,19.5378
234.445,16.2742
234.508,14.2685
234.554,13.317
234.616,12.6684
234.659,12.5855
234.738,13.1022
234.842,14.8961
234.997,19.0885
235.153,23.327
235.264,24.9699
235.31,25.1232
235.432,24.1432
235.666,20.1
235.79,19.027
235.825,18.9781
235.928,19.5881
236.016,21.157
236.118,24.4563
236.27,31.8462
236.404,38.0479
236.507,40.0996
236.519,40.1304
236.625,38.7373
236.791,34.438
236.877,33.6987
236.968,34.8331
237.235,42.8528
237.309,43.5098
237.407,42.0316
237.524,37.06
237.776,22.2415
237.879,17.4616
237.967,14.4172
238.069,11.9519
238.171,10.3224
238.307,8.95949
238.511,7.76977
238.703,7.13231
238.766,7.0676
238.851,7.21118
238.936,7.75321
239.032,8.99308
239.147,11.3277
239.294,14.4962
239.39,15.6173
239.423,15.7066
239.501,15.279
239.606,13.598
239.781,10.1089
239.861,9.03979
239.943,8.5412
239.964,8.52814
240.026,8.78524
240.088,9.5293
240.15,10.8145
240.226,13.1724
240.322,17.2405
240.481,24.7494
240.581,27.9149
240.663,28.7215
240.743,27.8841
240.858,24.7503
241.082,17.4757
241.229,14.0196
241.355,12.0517
241.445,11.3227
241.518,11.1723
241.627,11.6578
241.746,12.9857
241.932,16.1855
242.471,27.9909
242.685,31.1963
242.933,32.9521
243.081,32.3931
243.233,29.5204
243.578,18.0125
243.684,15.5004
243.773,14.1138
243.881,13.2265
243.94,13.0698
244.06,13.4355
244.179,14.6725
244.468,19.2616
244.589,20.0375
244.699,19.4222
244.85,16.8903
245.107,11.5543
245.242,9.43855
245.376,7.89849
245.511,6.81761
245.645,6.08359
245.825,5.50256
246.0,5.26374
246.058,5.24405
246.233,5.35023
246.471,5.89143
246.76,7.10576
247.012,8.06431
247.231,8.61413
247.318,9.35327
247.389,10.6102
247.454,12.4468
247.525,15.3666
247.605,19.7831
247.85,36.474
247.96,41.8041
248.064,43.962
248.09,44.0519
248.197,42.7832
248.403,36.0348
248.907,17.6873
249.056,13.0712
249.159,10.6572
249.241,9.38088
249.306,8.8273
249.361,8.69734
249.427,8.98394
249.494,9.8031
249.56,11.2222
249.635,13.6455
249.719,17.4807
249.82,23.6745
250.075,41.9953
250.202,48.2032
250.636,59.6865
250.685,59.9821
250.802,57.6195
250.928,50.3618
251.137,35.0338
251.231,30.0385
251.321,27.2689
251.388,26.5888
251.448,27.0683
251.523,29.2539
251.601,33.6214
251.682,40.6494
251.771,51.2882
252.01,85.5478
252.101,93.7431
252.163,95.6861
252.252,92.951
252.356,82.8675
252.58,53.7197
252.684,43.6512
252.771,37.942
252.865,34.0097
253.011,30.7313
253.658,22.6332
253.791,22.0359
253.931,23.0151
254.05,25.3705
254.262,31.0475
254.372,32.4011
254.473,31.5364
254.63,27.1136
254.738,24.0453
254.845,22.5878
254.886,22.4962
255.136,23.8319
255.277,22.9102
255.456,19.4845
255.662,15.0527
255.817,12.5821
255.937,11.3137
256.065,10.5808
256.145,10.4428
256.273,10.7599
256.393,11.6704
256.743,16.0
256.883,16.7304
257.011,16.211
257.204,13.8422
257.418,10.9547
257.568,9.68235
257.7,9.13841
258.089,8.58695
258.352,7.75734
258.443,7.67787
258.577,7.95341
258.786,8.72078
258.834,8.77578
258.931,8.58521
259.051,7.7483
259.334,4.62822
259.428,3.83261
259.513,3.34684
259.598,3.07657
259.68,2.99291
259.761,3.04792
259.884,3.33068
260.056,3.98976
260.389,5.47128
260.567,5.94984
260.66,6.02393
260.826,5.87373
261.15,5.31761
261.191,5.30542
261.317,5.46116
261.409,5.82052
261.523,6.66599
261.637,8.01462
261.922,12.3755
262.085,13.9252
262.301,15.5388
262.553,18.0422
262.643,18.3165
262.941,17.5715
263.223,18.254
263.342,17.9211
263.52,16.1497
263.85,11.7076
264.012,10.1224
264.128,9.4443
264.222,9.24844
264.342,9.52944
264.453,10.3397
264.811,14.5649
264.932,15.0968
265.031,14.7976
265.192,13.2173
265.413,10.7197
265.517,10.0474
265.618,9.84087
265.699,9.99566
265.829,10.8091
265.981,12.5483
266.275,16.7735
266.386,17.6101
266.423,17.6728
266.523,17.2138
266.631,15.7506
266.926,9.7088
267.015,8.32149
267.104,7.37959
267.181,6.91821
267.276,6.74166
267.37,6.90722
267.512,7.61978
267.661,8.84639
267.779,10.2863
267.897,12.404
268.008,15.2582
268.178,21.1708
268.321,25.9821
268.42,27.8768
268.475,28.1292
268.571,27.123
268.684,24.0165
268.919,15.594
269.027,12.6507
269.134,10.6572
269.241,9.54891
269.327,9.22234
269.437,9.42168
269.712,11.1895
269.77,11.3078
269.871,10.9693
269.966,10.051
270.223,6.57411
270.33,5.50343
270.441,4.7639
270.58,4.21759
270.712,3.91715
270.974,3.60568
271.145,3.55022
271.286,3.64711
271.398,3.90693
271.487,4.31715
271.569,4.9334
271.668,6.0445
271.799,8.09943
271.94,10.3846
272.043,11.373
272.096,11.4992
272.186,11.0615
272.287,9.758
272.476,6.66906
272.558,5.63661
272.638,4.95048
272.715,4.58162
272.788,4.46337
272.862,4.54681
272.936,4.82158
273.025,5.43826
273.103,6.31561
273.182,7.635
273.252,9.33651
273.323,11.6744
273.397,14.9758
273.487,20.2156
273.733,37.64
273.835,42.3946
273.906,43.5459
273.983,42.507
274.086,37.8546
274.316,22.9642
274.405,18.7159
274.454,17.129
274.52,15.9629
274.553,15.7934
274.624,16.3489
274.699,18.2088
274.795,22.1533
275.029,34.0525
275.132,37.2226
275.217,38.0212
275.325,36.9393
275.568,31.5054
275.708,30.0179
275.745,29.9683
275.927,31.4323
276.617,43.9672
276.671,44.2973
276.783,43.0962
276.884,39.3416
277.022,30.9471
277.154,22.5308
277.229,19.0921
277.283,17.6182
277.337,17.1118
277.389,17.4936
277.46,19.2152
277.672,27.0538
277.758,28.6247
277.788,28.7454
277.868,28.0633
278.085,23.4706
278.132,23.1656
278.192,23.5991
278.269,25.6871
278.356,29.9547
278.552,41.8015
278.65,45.1496
278.692,45.4575
278.786,43.5368
278.885,38.2582
279.114,22.1784
279.208,17.0137
279.277,14.2335
279.348,12.1931
279.424,10.7866
279.501,10.0629
279.562,9.87869
279.654,10.1034
279.995,12.6028
280.268,13.219
280.358,14.0331
280.446,15.8322
280.528,18.7094
280.628,23.7045
280.849,36.6498
280.956,40.4101
281.027,41.213
281.121,40.3211
281.672,25.4965
281.868,17.9431
282.011,12.482
282.101,9.83395
282.184,8.09448
282.256,7.14826
282.329,6.63584
282.401,6.49551
282.48,6.69235
282.57,7.32066
282.661,8.40249
282.751,10.0481
282.841,12.4333
282.932,15.7284
283.05,21.3942
283.24,31.3059
283.34,34.4144
283.387,34.9002
283.476,33.9891
283.602,29.6165
283.717,25.0079
283.792,22.9379
283.883,21.9862
283.966,22.6818
284.07,25.2294
284.395,37.1715
284.508,39.4752
284.562,39.6941
284.656,38.4692
284.769,34.44
285.046,19.7863
285.137,16.0619
285.217,13.7918
285.278,12.7402
285.353,12.1204
285.391,12.0474
285.514,12.5215
285.724,13.7278
285.763,13.7806
285.865,13.5327
286.045,11.9889
286.273,9.6561
286.384,8.99612
286.458,8.83961
286.557,9.06608
286.658,9.90906
286.754,11.4167
286.861,14.0189
286.989,18.3006
287.193,25.8696
287.305,28.4487
287.38,28.9368
287.487,27.6927
287.615,23.8361
287.845,15.1027
287.955,11.8916
288.047,10.0062
288.124,8.9534
288.221,8.20598
288.288,8.03177
288.395,8.28211
288.475,8.91013
288.564,10.1275
288.659,12.1065
288.764,15.2928
288.885,20.2228
289.126,31.2439
289.227,34.1825
289.312,34.9622
289.413,33.6139
289.529,29.5018
289.798,16.561
289.897,12.7256
289.988,10.0405
290.073,8.15606
290.159,6.77994
290.252,5.72133
290.348,4.97274
290.445,4.48062
290.574,4.10642
290.703,3.96869
290.885,4.0817
291.082,4.52621
291.688,6.6256
292.181,7.84071
292.361,8.72949
292.505,9.9573
292.645,11.7567
292.837,15.1717
293.053,19.2379
293.205,20.8482
293.253,20.993
293.4,20.2832
293.792,14.831
293.921,13.9737
293.968,13.9168
294.092,14.5298
294.174,15.6257
294.278,17.8963
294.384,21.4528
294.499,26.783
294.673,37.4391
294.845,48.328
294.978,53.8599
295.062,55.0735
295.158,54.0147
295.296,48.487
295.622,28.6928
295.733,23.4343
295.84,19.8918
295.931,18.0108
296.063,16.7663
296.149,16.58
296.364,17.1604
296.64,18.9464
296.878,21.7002
297.045,24.9619
297.188,29.4124
297.306,35.0697
297.413,42.646
297.517,53.0655
297.629,68.2326
297.832,103.864
297.986,128.43
298.103,139.038
298.19,141.215
298.335,135.984
298.651,109.339
299.09,62.632
299.248,49.7803
299.401,40.5197
299.524,35.1313
299.71,29.6396
300.265,17.5255
300.422,15.1266
300.543,13.9791
300.754,13.001
301.036,12.6811
301.231,13.1044
301.338,13.9562
301.431,15.3909
301.525,17.742
301.637,22.0055
301.913,35.7403
302.02,38.9473
302.09,39.5257
302.212,37.7467
302.585,25.4389
303.055,11.6169
303.161,9.12097
303.254,7.46604
303.331,6.48242
303.407,5.79066
303.509,5.23306
303.619,4.97176
303.696,4.93372
303.899,5.1468
304.74,6.58604
304.979,6.75851
305.175,6.57063
305.607,5.59188
305.922,5.28329
306.378,5.12506
306.597,5.24508
306.892,5.80816
307.537,7.51923
307.692,7.64656
307.932,7.34202
308.359,6.45726
308.768,6.12433
309.193,6.03331
309.567,6.23895
309.814,6.62291
310.06,7.30257
310.322,8.52599
310.589,10.464
310.904,12.8933
311.132,13.6243
311.626,14.3865
311.797,13.9335
312.067,12.6189
312.156,12.5055
312.587,13.4489
312.778,12.9861
313.023,11.8313
313.076,11.7502
313.183,12.0956
313.256,12.8721
313.341,14.4762
313.436,17.2081
313.558,22.0805
313.83,34.9144
313.945,38.9321
314.056,40.9312
314.102,41.1345
314.229,39.8493
314.391,35.0647
314.673,24.7113
314.772,22.1131
314.9,20.0166
315.527,15.2113
315.65,14.7905
315.781,15.199
315.947,17.0251
316.146,19.5505
316.213,19.8405
316.318,19.2365
316.434,17.0521
316.684,10.2913
316.771,8.45907
316.859,7.18314
316.924,6.57587
317.012,6.16463
317.07,6.1029
317.128,6.18613
317.245,6.73425
317.385,7.96964
317.641,10.7622
317.757,11.3058
317.767,11.3107
317.875,10.8814
317.993,9.52716
318.228,5.99719
318.307,5.10045
318.376,4.54147
318.435,4.22922
318.509,4.04393
318.548,4.03542
318.625,4.18617
318.721,4.69397
318.818,5.57541
318.93,7.03941
319.189,11.1685
319.327,12.6613
319.648,14.4301
319.991,18.2692
320.097,18.5954
320.456,17.367
320.752,17.7412
320.787,17.7392
320.955,18.1594
321.071,19.6832
321.221,23.5339
321.374,27.68
321.484,28.8687
321.57,28.187
321.683,25.2976
321.95,15.503
322.043,12.905
322.149,10.8522
322.236,9.81231
322.316,9.27225
322.434,9.0048
322.591,9.26528
322.85,9.96753
322.881,9.98073
323.024,9.62554
323.165,8.56814
323.4,6.28471
323.481,5.78503
323.584,5.56011
323.665,5.71345
323.77,6.29076
323.892,7.4051
324.05,9.43653
324.213,12.2609
324.464,17.8032
324.775,24.6022
325.266,32.8292
325.487,38.8134
325.719,48.3688
325.983,63.1871
326.229,76.9199
326.371,80.052
326.383,80.0548
326.52,77.1737
326.709,66.7502
327.069,42.5494
327.212,35.229
327.322,31.333
327.432,29.0588
327.592,27.9471
327.617,27.9296
327.776,28.0615
327.935,27.4096
328.075,25.3037
328.287,19.8786
328.442,15.8645
328.542,13.9481
328.641,12.7567
328.734,12.3574
328.823,12.6579
328.913,13.6881
329.012,15.7871
329.111,18.9537
329.289,26.6432
329.412,31.8327
329.519,34.6782
329.59,35.2565
329.692,34.159
329.825,30.1696
330.057,21.485
330.202,17.3984
330.335,14.9329
330.457,13.7036
330.576,13.3474
330.737,13.8484
331.039,15.4027
331.135,15.5499
331.312,15.1429
331.528,13.6242
331.84,10.9675
331.983,10.2811
332.135,10.1082
332.287,10.4579
332.46,11.487
332.591,12.9317
332.705,14.9488
332.817,18.0277
332.936,22.7358
333.101,31.526
333.3,42.237
333.404,46.0319
333.548,48.2759
333.586,48.2927
333.754,45.9563
333.929,39.8653
334.238,24.9234
334.332,21.4901
334.426,19.238
334.52,18.1169
334.614,17.8136
334.717,17.8758
334.882,17.4285
334.991,16.2051
335.168,12.8898
335.364,8.97372
335.488,7.13257
335.604,5.96821
335.708,5.30478
335.796,4.95426
335.921,4.69911
336.004,4.6476
336.18,4.80584
336.313,5.19431
336.433,5.83034
336.559,6.91866
336.686,8.55617
336.854,11.5358
337.035,14.8557
337.162,16.2894
337.241,16.5491
337.344,16.143
337.646,13.1153
337.741,12.7828
337.826,13.0534
337.939,14.3394
338.063,16.9521
338.223,21.7955
338.486,30.6709
338.608,33.294
338.705,34.0334
338.819,33.2489
339.1,27.3335
339.209,26.284
339.301,27.2425
339.392,30.2265
339.508,36.4973
339.681,46.5197
339.777,49.3963
339.808,49.6186
339.91,47.8052
340.022,42.174
340.254,27.075
340.348,22.4965
340.439,19.2729
340.553,16.7358
340.668,15.3277
340.882,14.1038
341.16,12.7003
341.376,10.643
341.62,7.98604
341.759,7.02426
341.863,6.75804
341.966,6.93091
342.07,7.57723
342.174,8.75521
342.278,10.5452
342.399,13.4726
342.617,20.3834
342.757,24.518
342.886,26.8295
342.981,27.3113
343.146,26.1108
343.454,22.354
343.901,19.7473
344.194,17.1255
344.323,16.7744
344.547,17.1226
344.713,16.4977
344.94,14.5225
345.014,14.3335
345.115,14.9592
345.214,16.6545
345.498,24.1715
345.617,25.6624
345.635,25.7033
345.705,25.3857
345.824,23.2791
346.134,14.382
346.265,11.5153
346.397,9.55053
346.528,8.27144
346.676,7.35551
346.842,6.75567
347.024,6.52694
347.159,6.72596
347.307,7.44126
347.484,8.94474
347.693,10.765
347.836,11.2381
347.972,10.9003
348.254,9.17039
348.41,8.65066
348.462,8.617
348.622,8.95207
349.078,11.4067
349.293,11.769
349.611,11.3058
350.156,9.8229
350.34,9.65548
350.536,9.93221
350.736,10.953
351.026,13.6004
351.263,15.7196
351.5,16.7968
351.962,17.5392
352.157,17.0181
352.33,15.3218
352.739,8.78209
352.854,7.42749
352.971,6.50135
353.054,6.11871
353.162,5.95916
353.276,6.22823
353.367,6.79319
353.491,8.08184
353.777,11.9473
353.904,12.8631
353.95,12.9534
354.106,12.4104
354.362,10.5687
354.507,10.1916
354.637,10.6446
354.777,12.0662
355.038,15.8315
355.161,16.5529
355.165,16.553
355.269,15.9921
355.398,13.996
355.642,9.0256
355.751,7.32696
355.863,6.11638
355.975,5.35466
356.105,4.85433
356.234,4.60622
356.386,4.53056
356.539,4.67524
356.691,5.10925
356.816,5.76628
356.952,6.88235
357.096,8.59758
357.32,12.1607
357.51,15.0187
357.649,16.0927
357.699,16.1723
357.847,15.4691
358.189,11.6916
358.314,11.0238
358.366,10.9702
358.522,11.5014
358.799,13.0973
358.875,13.2357
359.069,12.8361
359.36,11.2154
359.555,9.43752
359.907,5.17987
360.03,4.03269
360.138,3.31774
360.246,2.85005
360.361,2.55477
360.534,2.349
360.753,2.28166
361.08,2.34698
361.452,2.57077
361.837,2.97277
362.141,3.46813
362.36,4.03065
362.522,4.71312
362.664,5.66005
362.786,6.84291
362.918,8.58329
363.087,11.5037
363.271,15.5888
363.607,24.3389
363.75,26.7426
363.827,27.1201
363.951,26.1932
364.124,22.5571
364.301,18.4664
364.393,17.0423
364.506,16.2936
364.528,16.2773
364.618,16.6408
364.753,18.3883
364.891,21.5749
365.028,26.2182
365.198,33.9805
365.508,50.0811
365.656,54.3247
365.723,54.7774
365.869,52.655
366.212,41.3662
366.328,39.2221
366.439,38.7222
366.605,40.5989
366.839,46.9445
367.122,54.8693
367.269,56.3905
367.387,55.329
367.521,51.2253
367.688,42.5422
367.936,27.8391
368.055,22.3214
368.16,18.8629
368.26,16.7468
368.355,15.6508
368.511,15.1388
368.96,15.886
369.292,15.3832
369.822,14.1496
369.989,14.035
370.265,14.5143
370.456,15.701
370.6,17.3977
370.744,20.165
370.891,24.5188
371.044,31.031
371.247,42.4758
371.521,58.2453
371.69,64.0279
371.843,65.5917
372.244,62.7656
372.428,57.7074
372.619,47.5961
372.901,29.542
373.038,22.6615
373.131,19.1851
373.237,16.4246
373.308,15.2379
373.399,14.4486
373.444,14.3356
373.542,14.7575
373.639,16.176
373.719,18.2927
373.81,21.9379
373.904,27.2753
374.016,35.7545
374.244,55.3949
374.353,61.7315
374.447,63.5529
374.55,61.2134
374.682,52.9685
374.922,33.979
375.037,27.2628
375.14,23.2738
375.253,20.8655
375.379,20.012
375.397,20.0061
375.574,20.8131
375.841,22.1996
375.921,22.2648
376.325,21.56
376.471,20.1709
376.638,17.0428
376.88,11.5708
377.007,9.4099
377.127,8.09697
377.246,7.40199
377.342,7.211
377.47,7.37081
377.597,7.93119
377.818,9.56918
378.023,11.1328
378.197,11.7379
378.218,11.7404
378.346,11.4115
378.51,10.2677
378.841,7.23706
379.012,6.10422
379.155,5.48219
379.382,4.9134
379.859,4.11035
380.264,3.66418
380.559,3.21277
380.637,3.18297
380.737,3.26249
380.837,3.50129
380.947,3.96896
381.056,4.6819
381.175,5.78101
381.296,7.33278
381.433,9.66746
381.625,13.8992
381.861,19.2584
381.994,21.2312
382.126,21.8662
382.281,20.9943
382.563,17.9936
382.648,17.6607
382.733,17.8701
382.866,19.3449
383.066,23.5484
383.292,28.2234
383.436,29.4087
383.451,29.4176
383.607,28.2023
383.785,24.5664
384.051,18.2507
384.172,16.2347
384.293,15.0872
384.41,14.84
384.556,15.6565
384.717,17.8157
385.103,24.9827
385.247,26.169
385.378,25.3543
385.511,22.5511
385.826,12.492
385.929,9.93424
386.03,8.13162
386.118,7.09046
386.22,6.32461
386.323,5.8705
386.528,5.38239
386.769,5.11183
386.818,5.10598
386.917,5.18186
387.061,5.57687
387.2,6.3209
387.476,8.1236
387.615,8.51541
387.655,8.51787
387.798,8.14851
388.174,6.09218
388.278,5.76757
388.346,5.69021
388.479,5.87829
388.641,6.6136
388.837,7.9608
389.019,9.74904
389.325,13.5775
389.491,14.7883
389.729,15.555
389.866,16.8995
389.993,19.4948
390.162,24.8736
390.353,31.3934
390.496,34.3989
390.582,34.8077
390.709,33.4199
391.076,23.7808
391.176,22.2179
391.283,21.5555
391.391,21.7667
392.148,27.7367
392.554,32.2214
392.713,35.5507
392.847,40.1931
393.195,56.9225
393.336,60.2197
393.364,60.2914
393.486,58.1679
393.656,50.0951
393.891,36.6483
394.037,30.4721
394.161,26.8226
394.358,22.9387
394.604,19.7694
394.802,18.3862
394.851,18.2944
394.999,18.9079
395.146,21.0237
395.494,28.4118
395.691,30.4077
396.226,33.3326
396.395,32.2544
396.558,28.8688
396.941,16.9443
397.082,13.5257
397.199,11.4755
397.34,9.82505
397.471,8.85202
397.603,8.22939
397.838,7.63875
398.073,7.51273
398.26,7.75064
398.448,8.39022
398.657,9.72684
398.956,12.2769
399.105,12.9167
399.13,12.926
399.271,12.3706
399.439,10.5742
399.684,7.50486
399.824,6.23928
399.965,5.41871
400.129,4.82583
400.401,4.19274
400.743,3.64267
401.085,3.31412
401.474,3.19354
401.855,3.30188
402.054,3.52684
402.199,3.874
402.317,4.3447
402.455,5.1862
402.592,6.40058
402.763,8.43904
403.02,12.3624
403.391,18.2715
403.627,20.8768
403.815,21.6124
403.994,21.1134
404.267,18.6885
404.847,11.6663
405.051,9.87144
405.247,8.84083
405.412,8.5475
405.581,8.76232
405.977,10.2094
406.104,10.379
406.261,10.0425
406.433,8.98391
406.751,6.40046
406.855,5.79864
407.001,5.35384
407.082,5.30577
407.249,5.56835
407.701,7.13606
407.831,7.2952
407.982,7.09015
408.241,6.02244
408.417,5.29453
408.56,4.97058
408.62,4.92947
408.74,5.02865
408.865,5.39228
409.016,6.17305
409.358,8.47325
409.497,8.87188
409.509,8.87435
409.632,8.58023
409.782,7.51473
410.065,4.8623
410.19,3.99888
410.303,3.50112
410.407,3.24003
410.552,3.10841
410.591,3.10518
410.778,3.23769
410.931,3.5469
411.081,4.07744
411.308,5.26515
411.625,7.03356
411.849,7.89022
412.145,8.43598
412.206,8.46209
412.431,8.21921
412.671,7.32532
413.083,5.29194
413.277,4.63596
413.459,4.25521
413.695,4.01301
413.84,3.97158
414.095,4.07558
414.322,4.3941
414.492,4.83987
414.635,5.42079
414.798,6.44823
414.948,7.87775
415.097,9.93338
415.261,12.9619
415.589,19.9231
415.756,22.3316
415.953,23.5651
416.278,24.0618
416.504,23.3117
416.895,20.0033
417.223,18.0085
417.373,16.0888
417.75,9.17867
417.878,7.40155
417.993,6.32301
418.118,5.63623
418.234,5.3192
418.436,5.16508
418.694,5.35414
418.853,5.71242
419.082,6.64136
419.41,8.25641
419.556,8.51408
419.71,8.2075
420.083,6.28833
420.233,5.81031
420.353,5.68376
420.492,5.81854
420.626,6.23827
420.775,7.07201
420.947,8.5469
421.353,13.2934
421.491,14.3001
421.556,14.4629
421.699,14.0014
421.872,12.2219
422.117,9.17607
422.248,8.04008
422.38,7.40467
422.47,7.2656
422.595,7.45568
422.729,8.20026
422.861,9.53658
423.038,12.1615
423.267,15.6809
423.436,17.1706
423.835,18.4634
424.234,21.6049
424.297,21.7247
424.425,21.2288
424.586,19.2275
424.985,11.6624
425.121,9.73557
425.229,8.7308
425.358,8.10654
425.491,7.94853
425.585,7.9596
425.777,7.74014
425.967,6.85051
426.152,5.822
426.242,5.521
426.288,5.45721
426.375,5.52061
426.486,5.96528
426.614,6.92117
426.965,10.3633
427.199,11.8917
427.738,14.3289
427.916,14.6127
428.121,14.109
428.314,12.7078
428.764,7.81981
428.926,6.51928
429.128,5.4203
429.321,4.70491
429.562,4.10074
429.739,3.84285
429.896,3.76499
430.057,3.85672
430.25,4.25088
430.443,5.0005
430.756,6.54944
430.927,6.99536
430.97,7.01816
431.132,6.78804
431.575,5.24362
432.014,4.10517
432.307,3.58987
432.558,3.38742
432.663,3.36047
432.894,3.44582
433.083,3.73338
433.264,4.25495
433.541,5.47047
433.829,6.80786
434.085,7.55928
434.725,8.16268
434.96,8.72546
435.102,9.42597
435.251,10.7942
435.35,12.3095
435.45,14.502
435.568,18.1201
435.877,30.0057
435.986,32.5991
436.058,33.1632
436.172,32.0322
436.31,28.0353
436.534,20.2693
436.637,17.7987
436.741,16.2903
436.917,15.103
437.162,13.6169
437.43,11.5848
437.584,11.2339
437.919,11.7837
438.052,11.559
438.347,10.3542
438.466,10.1835
438.586,10.4454
438.804,11.846
438.954,12.8053
439.042,13.0188
439.177,12.5551
439.318,11.0834
439.573,7.54972
439.685,6.45746
439.784,5.93464
439.843,5.82879
439.962,6.02247
440.121,6.87731
440.351,8.37368
440.496,8.87781
440.542,8.90898
440.694,8.54307
440.858,7.48361
441.145,5.19222
441.278,4.38811
441.397,3.90086
441.517,3.64412
441.596,3.60001
441.716,3.73388
441.835,4.14372
441.952,4.87374
442.082,6.09784
442.386,9.8297
442.507,10.7139
442.576,10.8509
442.675,10.535
442.811,9.31744
443.064,6.41411
443.173,5.49619
443.308,4.72655
443.503,4.04284
443.818,3.32014
444.235,2.64792
444.411,2.46769
444.516,2.43417
444.613,2.47362
444.741,2.64464
444.888,3.02796
445.012,3.53294
445.159,4.38688
445.305,5.57998
445.444,7.09919
445.579,9.05123
445.695,11.3263
445.819,14.5784
445.949,19.1096
446.235,30.7978
446.359,34.225
446.476,35.2667
446.585,34.2731
446.775,29.5399
447.053,21.6422
447.289,16.4245
447.472,13.497
447.611,12.1147
447.75,11.4365
448.078,10.6473
448.23,9.62496
448.58,5.97054
448.688,5.17258
448.776,4.82883
448.821,4.77351
448.91,4.91535
449.0,5.39001
449.104,6.32481
449.411,10.1326
449.519,11.0475
449.619,11.3461
449.735,10.9472
449.888,9.46676
450.125,6.67982
450.274,5.39801
450.427,4.48138
450.644,3.54679
450.809,3.03396
450.954,2.76365
451.093,2.66808
451.265,2.71373
451.732,3.04671
451.865,3.0687
452.168,2.94466
452.612,2.62622
452.842,2.55992
453.073,2.62514
453.329,2.89801
453.649,3.52756
453.941,4.04455
454.504,4.39951
455.026,5.10417
455.117,5.14011
455.325,5.01046
455.749,4.20488
455.91,4.07393
456.037,4.16116
456.195,4.50992
456.452,5.45955
456.762,6.95357
457.011,8.61686
457.263,11.0092
457.651,15.2265
457.852,16.4801
457.977,16.6794
458.224,16.5064
458.389,17.1757
458.531,18.962
458.86,25.2508
458.996,26.2521
459.125,25.2906
459.274,22.1233
459.532,15.1832
459.667,12.4535
459.779,10.9682
459.901,10.0371
460.013,9.62984
460.165,9.48968
460.502,9.62561
460.753,9.30228
461.026,8.27454
461.395,6.65357
461.595,6.20193
461.695,6.13978
462.076,6.34753
462.265,6.15236
462.47,5.45685
462.792,4.00178
462.905,3.63615
463.018,3.42329
463.119,3.37705
463.219,3.47081
463.342,3.782
463.466,4.31357
463.626,5.32218
463.964,8.15282
464.46,12.3574
464.784,15.3866
464.969,16.1595
464.99,16.1688
465.162,15.6992
465.443,14.2465
465.533,14.0589
465.708,14.3543
466.166,16.4598
466.669,17.5305
467.138,20.6154
467.218,20.7118
467.357,19.8258
467.491,17.6631
467.787,11.1517
467.904,9.32627
467.993,8.47646
468.101,8.05235
468.139,8.04472
468.254,8.39868
468.397,9.50414
468.57,11.6193
468.921,16.8205
469.087,18.1201
469.152,18.2332
469.299,17.7554
469.654,15.1805
470.181,12.9645
470.448,11.0206
470.793,8.23981
470.948,7.40886
471.098,7.07189
471.111,7.06952
471.248,7.35143
471.363,8.06211
471.496,9.45298
471.836,14.1622
471.978,15.1786
472.011,15.2299
472.133,14.7322
472.272,12.9962
472.575,7.73343
472.684,6.29597
472.774,5.45449
472.86,4.92915
472.924,4.69498
473.051,4.52793
473.197,4.65397
473.468,5.30706
473.664,6.10026
473.808,7.03313
473.946,8.36529
474.072,10.0532
474.223,12.7629
474.546,20.2067
474.74,24.239
474.938,26.8267
475.174,27.9173
475.198,27.921
475.422,26.8729
475.654,23.6641
475.982,18.2467
476.256,15.1645
476.447,13.7707
476.605,13.3307
476.745,13.6609
477.108,15.9001
477.247,16.1562
477.595,15.6225
477.894,15.9253
478.063,15.5183
478.231,14.123
478.525,10.6834
478.646,9.68817
478.791,9.1707
478.815,9.15393
479.177,9.74105
479.327,9.42201
479.521,8.16993
479.712,6.87969
479.826,6.59013
479.922,6.84392
479.994,7.4094
480.079,8.53928
480.163,10.2284
480.264,13.0526
480.382,17.3472
480.713,31.7432
480.867,36.1984
480.991,37.405
481.135,36.0726
481.36,30.3176
481.612,23.4684
481.792,20.2036
481.936,18.6554
482.117,17.7377
482.258,17.5796
482.801,18.4435
483.117,17.545
483.359,16.7635
483.536,16.986
483.882,18.6162
484.016,18.8897
484.278,18.1901
484.863,14.5361
485.142,12.6741
485.313,12.277
485.673,12.8981
485.83,12.4508
486.015,10.8925
486.275,8.23611
486.397,7.45097
486.524,7.12731
486.556,7.12128
486.705,7.39992
487.103,9.13098
487.268,10.1777
487.424,11.7456
487.566,13.874
487.738,17.5274
487.939,23.1696
488.354,36.4425
488.561,41.2105
488.75,42.829
488.915,41.4961
489.104,37.0776
489.545,22.9666
489.73,18.3821
489.916,14.9865
490.102,12.5511
490.303,10.7326
490.519,9.51057
490.715,8.9247
491.683,8.12535
491.859,8.44562
492.033,9.31786
492.252,11.1588
492.485,13.2864
492.671,14.2186
492.721,14.2726
492.909,13.7147
493.388,10.0497
493.581,9.07901
493.788,8.65116
493.929,8.86269
494.047,9.58202
494.15,10.7914
494.258,12.7993
494.398,16.5099
494.65,24.1286
494.78,26.4794
494.847,26.8429
494.963,25.9744
495.089,23.2014
495.401,13.7156
495.529,10.7324
495.636,8.95596
495.737,7.78492
495.837,7.04938
495.969,6.59693
496.011,6.56863
496.118,6.73705
496.248,7.37661
496.615,10.3268
496.748,10.7103
496.865,10.3341
496.999,9.1174
497.276,5.63367
497.378,4.66046
497.449,4.18187
497.544,3.81377
497.639,3.72634
497.733,3.86479
497.883,4.38592
498.14,5.53144
498.308,6.06452
498.463,6.23959
498.627,6.06691
498.898,5.23525
499.178,4.29933
499.353,3.91567
499.537,3.74942
499.566,3.74564
499.771,3.89017
499.946,4.2465
500.171,5.00431
500.477,6.49421
500.922,9.21307
501.19,11.4504
501.65,15.8321
501.853,17.9425
502.004,20.7557
502.178,25.7641
502.387,31.961
502.512,33.8495
502.562,33.9938
502.698,32.5596
502.851,28.4565
503.133,19.5451
503.291,15.9388
503.441,13.6301
503.65,11.6095
504.205,7.55399
504.327,7.01415
504.416,6.87272
504.555,7.09747
504.735,8.02798
505.442,13.4184
506.128,17.7619
506.325,18.1864
506.577,17.6264
507.133,14.6979
507.245,14.5373
507.411,14.8726
507.772,16.2058
507.808,16.219
508.013,15.5843
508.276,13.3656
508.722,8.54024
508.91,7.03565
509.091,6.1414
509.329,5.53348
509.657,5.09227
509.747,5.07911
509.91,5.31962
510.048,5.92546
510.18,6.97268
510.307,8.45777
510.5,11.476
510.71,14.7685
510.865,16.152
510.937,16.3036
511.08,15.6158
511.242,13.5561
511.514,9.33224
511.635,7.96754
511.761,7.1061
511.871,6.77899
511.936,6.73442
512.125,7.02201
512.337,7.88792
512.505,9.07865
512.694,11.0707
513.084,15.9134
513.332,17.8325
513.798,19.97
513.896,20.0829
514.067,19.2301
514.232,16.9368
514.534,11.3812
514.632,10.0456
514.759,8.96907
514.912,8.44764
515.327,7.97228
515.705,7.27915
515.82,7.23258
516.244,7.53019
516.51,8.04227
516.726,9.00416
516.88,10.1899
517.086,12.4991
517.693,20.9082
518.021,24.039
518.688,27.4298
518.738,27.4793
518.961,26.5715
519.208,23.4142
519.534,18.3455
519.676,17.0046
519.786,16.626
519.923,17.0548
520.138,19.2808
520.371,21.8308
520.496,22.2874
520.678,21.4829
520.925,19.7888
520.961,19.7616
521.086,20.493
521.217,22.6746
521.502,29.0411
521.632,30.1236
521.769,28.9438
521.933,25.0237
522.225,16.5565
522.382,12.9642
522.567,9.72111
522.725,7.60921
522.853,6.42672
522.953,5.90164
523.055,5.74188
523.157,5.94366
523.289,6.62417
523.616,8.84252
523.763,9.36575
523.849,9.43065
524.058,9.01519
524.271,8.5085
524.322,8.48942
524.492,8.85972
524.894,11.026
525.116,11.4834
525.165,11.491
525.799,11.0957
526.254,9.63257
526.324,9.5376
526.463,9.69857
526.603,10.4285
526.796,12.2495
527.08,15.2772
527.274,16.4171
527.92,17.5269
528.943,19.5466
529.263,18.7106
529.57,17.7325
529.779,18.2499
530.109,19.9103
530.152,19.9362
530.322,19.1535
530.513,16.7283
530.785,12.6889
530.901,11.6123
531.028,11.1976
531.113,11.404
531.267,12.638
531.583,16.3142
531.733,17.0139
531.747,17.0174
531.901,16.3637
532.143,13.6389
532.406,10.4566
532.594,8.77512
532.747,7.85032
532.924,7.27859
533.033,7.18688
533.235,7.46674
533.476,8.36582
533.724,9.78957
533.943,11.7062
534.159,14.5009
534.524,20.0993
534.717,21.7607
534.83,22.0032
535.142,20.9725
535.741,18.3212
536.162,16.148
536.279,15.9444
536.547,16.3103
537.07,18.1617
537.293,19.9813
537.627,24.0942
537.781,24.8577
537.926,24.003
538.092,21.1926
538.42,13.7475
538.555,11.4914
538.659,10.372
538.769,9.78125
538.838,9.69073
538.976,10.0318
539.357,12.1808
539.487,12.4119
539.63,12.0752
539.848,10.6476
540.043,9.17922
540.197,8.40578
540.348,8.16563
540.511,8.48344
540.974,10.7654
541.112,11.0094
541.26,10.6243
541.419,9.39892
541.787,5.17191
541.888,4.26399
541.984,3.63312
542.081,3.21153
542.162,3.00932
542.29,2.90859
542.435,3.01236
542.871,3.73053
543.049,3.83107
543.455,3.60955
543.638,3.72224
543.785,4.06915
543.932,4.67439
544.138,5.91482
544.529,8.95206
544.741,11.0008
544.913,13.3283
545.107,17.0086
545.484,25.4956
545.695,28.4738
545.965,29.6131
546.206,30.3848
546.678,34.639
546.733,34.7232
546.896,33.6308
547.133,29.149
547.39,23.9395
547.57,21.8616
547.712,21.3503
547.903,22.0257
548.226,24.396
548.327,24.5444
548.492,23.5122
548.706,20.089
548.974,15.0704
549.142,12.9077
549.305,11.7852
549.77,10.2097
550.088,8.63478
550.291,8.08683
550.474,7.96708
551.058,8.27334
551.701,9.09346
551.744,9.10233
551.994,8.7714
552.368,7.43879
552.533,7.20566
552.613,7.28779
552.796,7.94562
553.061,9.23361
553.185,9.45154
553.342,9.07836
553.531,7.81195
553.802,5.67897
553.956,4.8648
554.11,4.44251
554.246,4.34407
554.383,4.44155
554.625,4.94001
555.104,6.27347
555.366,6.5777
555.477,6.59192
555.526,6.59153
555.788,6.79342
555.932,7.25829
556.107,8.29038
556.466,11.2079
556.597,11.9182
556.709,12.116
556.879,11.5986
557.108,9.77722
557.337,7.88542
557.481,7.17928
557.639,6.95338
557.797,7.19837
558.448,9.45757
558.613,10.497
558.778,12.2457
558.963,15.1527
559.251,20.3624
559.431,22.5318
559.575,23.0731
559.771,22.1984
560.191,18.6485
560.515,17.673
560.861,16.9757
561.074,15.7115
561.288,13.3449
561.693,7.41083
561.847,5.64424
561.971,4.5891
562.098,3.81999
562.234,3.27628
562.369,2.93939
562.548,2.70417
562.68,2.65323
562.812,2.70744
562.955,2.91093
563.12,3.37945
563.285,4.13215
563.474,5.33711
563.671,6.98965
563.877,9.24161
564.32,15.2367
564.478,16.6853
564.657,17.2031
565.119,16.0738
565.148,16.0678
565.45,16.3129
565.681,15.8209
566.334,11.9617
566.501,11.5964
566.6,11.8077
566.736,12.7697
566.917,15.1251
567.208,19.4087
567.387,20.6862
567.462,20.7746
567.703,19.7773
568.109,17.3846
568.235,17.1052
568.397,17.3495
568.666,19.2421
568.908,20.8117
568.955,20.8665
569.104,20.2564
569.299,17.8643
569.603,13.2335
569.777,11.496
569.984,10.4861
570.51,9.33032
570.871,8.10805
571.097,7.75474
571.118,7.75393
571.262,7.91716
571.467,8.65399
571.662,9.90601
571.847,11.7271
572.03,14.4011
572.496,23.5421
572.637,25.1215
572.77,25.487
573.161,23.8392
573.317,24.4936
573.681,28.8461
573.785,29.3387
573.956,28.3684
574.134,25.2827
574.529,16.4433
574.685,13.8363
574.85,12.093
575.039,11.182
575.316,10.229
575.493,8.94102
575.847,5.51808
575.997,4.41635
576.131,3.74877
576.264,3.33737
576.376,3.14441
576.558,3.03605
576.765,3.11959
577.075,3.52118
577.816,5.06299
578.182,5.50959
578.831,5.69296
579.082,5.9659
579.354,6.52121
579.577,7.31565
579.75,8.42533
579.911,10.0846
580.137,13.3963
580.354,16.4602
580.502,17.4873
580.551,17.5455
580.71,16.7943
581.13,11.8556
581.254,10.8798
581.391,10.3449
581.445,10.2859
581.608,10.5732
581.771,11.4624
582.003,13.5962
582.302,17.4933
582.762,24.0876
583.046,26.6154
583.193,26.985
583.413,26.1225
583.703,22.8493
584.226,15.8125
584.673,10.8887
584.836,9.48565
584.971,8.65475
585.134,8.19883
585.168,8.1901
585.261,8.33704
585.38,8.91499
585.531,10.3213
585.73,13.1859
585.973,16.9959
586.097,18.3147
586.245,18.8345
586.395,18.1633
586.769,14.378
586.944,13.4908
586.993,13.4601
587.142,13.9831
587.29,15.347
587.798,22.4796
587.978,23.9673
588.092,24.2633
588.286,23.568
588.538,20.8158
589.121,11.9806
589.301,9.9543
589.447,8.99396
589.558,8.76225
589.685,9.01082
590.048,10.8788
590.194,11.1305
590.407,10.6212
590.786,9.07444
590.95,8.82221
591.066,8.99279
591.175,9.59415
591.283,10.8367
591.381,12.6933
591.481,15.4401
591.617,20.4977
591.901,32.9417
592.039,37.0892
592.168,38.4764
592.304,37.306
592.529,31.7858
592.901,21.6994
593.143,16.4631
593.264,14.5577
593.413,13.1334
593.572,12.5372
593.849,11.881
594.016,10.6912
594.373,7.05812
594.525,6.03126
594.692,5.4604
594.874,5.24755
595.386,4.87194
595.87,4.49297
596.069,4.45348
596.354,4.55927
596.636,4.90902
596.92,5.62267
597.211,6.83576
597.661,9.06615
597.901,9.67019
598.009,9.72639
598.365,9.54373
598.669,9.93845
599.049,10.7349
599.114,10.7532
599.506,10.3597
599.683,10.6065
599.925,11.8538
599.963,12.1074
600.0,12.3661
600.0,13.0653
682.5,15.106
765.0,11.1851
872.5,13.7075
990.0,8.72973
1125.0,10.1187
1250.0,8.20414
1340.0,10.9581
1410.0,7.34554
1470.0,9.41883
1585.0,7.72234
1735.0,7.78682
1880.0,8.21871
2107.5,6.94827
2519.58,6.64504
2522.5,6.6429
3015.72,6.23168
3120.0,6.14474
3730.05,5.64904
4459.39,5.0564
4475.0,5.04372
5350.0,4.76963
6250.0,4.4877
7275.0,4.26679
7775.0,4.16733
8350.0,4.06235
9350.0,3.90279
11000.0,3.69392
13150.8,3.49012
13500.0,3.45704
16139.7,3.28092
17500.0,3.19016
20921.8,3.03397
22500.0,2.96192
26899.4,2.8282
27500.0,2.80994
32500.0,2.70735
40000.0,2.59702
40000.0,2.59697
70000.0,2.34779
110000.0,2.1968
200000.0,2.1403
250000.0,2.14634
320000.0,2.11702
500000.0,1.9465
875000.0,1.83402
2100000.0,1.96279
5000000.0,1.5671
5500000.0,1.5201
5800000.0,1.56668
6150000.0,1.72622
6500000.0,1.9344
7850000.0,2.24327
8400000.0,2.29863
1.19E7,2.17406
1.575E7,2.44713
2.2E7,2.2428
2.4E7,2.2763
3.0E7,2.2063

