1.00000E+07
6.06550E+06
3.67900E+06
2.23100E+06
1.35300E+06
8.21000E+05
5.00000E+05
3.02500E+05
1.83000E+05
1.11000E+05
6.73400E+04
4.08500E+04
2.47800E+04
1.50300E+04
9.11800E+03
5.53000E+03
3.51910E+03
2.23945E+03
1.42510E+03
9.06899E+02
3.67263E+02
1.48729E+02
7.55014E+01
4.80520E+01
2.77000E+01
1.59680E+01
9.87700E+00
4.00000E+0
3.30000E+0
2.60000E+0
2.10000E+0
1.50000E+0
1.30000E+0
1.15000E+0
1.12300E+0
1.09700E+0
1.07100E+0
1.04500E+0
1.02000E+0
9.96000E-01
9.72000E-01
9.50000E-01
9.10000E-01
8.50000E-01
7.80000E-01
6.25000E-01
5.00000E-01
4.00000E-01
3.50000E-01
3.20000E-01
3.00000E-01
2.80000E-01
2.50000E-01
2.20000E-01
1.80000E-01
1.40000E-01
1.00000E-01
8.00000E-02
6.70000E-02
5.80000E-02
5.00000E-02
4.20000E-02
3.50000E-02
3.00000E-02
2.50000E-02
2.00000E-02
1.50000E-02
1.00000E-02
5.00000E-03
1.00000E-05 